2586 0
2597 0
2608 0
2619 0
2630 0
2641 0
2652 0
2663 0
2674 0
2685 0
2696 0
2707 0
2718 0
2729 0
2740 0
2751 0
2762 0
2774 0
2785 0
2796 0
2807 0
2818 0
2829 0
2840 0
2851 0
2862 0
2873 0
2884 -1
2895 -1
2906 0
2917 0
2928 0
2939 0
2950 0
2961 0
2972 0
2983 0
2994 0
3005 0
3016 0
3027 0
3038 0
3049 0
3060 0
3072 0
3083 0
3094 0
3105 0
3116 0
3127 0
3138 0
3149 0
3160 0
3171 0
3182 0
3193 0
3204 0
3215 0
3226 0
3237 0
3248 0
3259 0
3270 0
3281 0
3292 0
3303 0
3314 0
3325 0
3336 0
3347 0
3358 0
3369 0
3380 0
3391 0
3402 0
3414 0
3425 0
3436 0
3447 0
3458 1
3469 1
3480 0
3491 1
3502 1
3513 1
3524 1
3535 1
3546 1
3557 1
3568 2
3579 2
3590 2
3601 2
3612 1
3623 1
3634 1
3645 1
3656 2
3667 2
3678 2
3689 2
3700 2
3712 2
3723 2
3734 2
3745 2
3756 2
3767 2
3778 2
3789 2
3800 2
3811 3
3822 3
3833 3
3844 3
3855 3
3866 3
3877 3
3888 3
3899 3
3910 3
3921 3
3932 3
3943 3
3954 3
3965 3
3976 4
3987 4
3998 4
4009 4
4020 4
4031 4
4042 4
4054 4
4065 4
4076 4
4087 4
4098 4
4109 4
4120 4
4131 3
4142 3
4153 3
4164 3
4175 3
4186 3
4197 3
4208 3
4219 3
4230 3
4241 3
4252 3
4263 3
4274 3
4285 3
4296 3
4307 2
4318 2
4329 2
4340 2
4352 0
4363 -4
4374 -12
4385 -23
4396 -36
4407 -51
4418 -69
4429 -110
4440 -134
4451 -162
4462 -194
4473 -230
4484 -271
4495 -317
4506 -369
4517 -425
4528 -485
4539 -547
4550 -612
4561 -681
4572 -755
4583 -836
4594 -925
4605 -1026
4616 -1138
4627 -1260
4638 -1391
4649 -1535
4660 -1694
4671 -1871
4682 -2063
4694 -2267
4705 -2481
4716 -2704
4727 -3176
4738 -3176
4749 -3683
4760 -3947
4771 -4217
4782 -4495
4793 -4785
4804 -5094
4815 -5419
4826 -5753
4837 -6106
4848 -6482
4859 -6882
4870 -7306
4881 -7753
4892 -8216
4903 -8684
4914 -9147
4925 -9596
4936 -10028
4947 -10444
4958 -10841
4969 -11213
4980 -11554
4992 -11865
5003 -12155
5014 -12420
5025 -12665
5036 -12900
5047 -13358
5058 -13592
5069 -13841
5080 -14112
5091 -14408
5102 -14727
5113 -15060
5124 -15395
5135 -15718
5146 -16028
5157 -16321
5168 -16593
5179 -16838
5190 -17052
5201 -17231
5212 -17376
5223 -17492
5234 -17584
5245 -17655
5256 -17707
5267 -17766
5278 -17810
5289 -17836
5300 -17847
5311 -17857
5322 -17876
5334 -17907
5345 -17952
5356 -18067
5367 -18129
5378 -18187
5389 -18232
5400 -18254
5411 -18254
5422 -18242
5433 -18190
5444 -18090
5455 -17938
5466 -17729
5477 -17455
5488 -17112
5499 -16700
5510 -16220
5521 -15675
5532 -15067
5543 -14398
5554 -13673
5565 -12893
5576 -12059
5587 -11181
5598 -10277
5609 -9355
5620 -8426
5632 -7499
5643 -6597
5654 -4946
5665 -4212
5676 -3541
5687 -2934
5698 -2393
5709 -1919
5720 -1509
5731 -1165
5742 -887
5753 -670
5764 -501
5775 -375
5786 -291
5797 -246
5808 -222
5819 -207
5830 -195
5841 -186
5852 -178
5863 -171
5874 -165
5885 -159
5896 -153
5907 -148
5918 -144
5929 -139
5940 -135
5951 -131
5962 -127
5974 -119
5985 -116
5996 -113
6007 -110
6018 -107
6029 -104
6040 -101
6051 -98
6062 -96
6073 -93
6084 -91
6095 -88
6106 -86
6117 -84
6128 -82
6139 -80
6150 -78
6161 -76
6172 -74
6183 -72
6194 -70
6205 -69
6216 -67
6227 -65
6238 -63
6249 -62
6260 -60
6272 -58
6283 -55
6294 -54
6305 -52
6316 -51
6327 -49
6338 -48
6349 -47
6360 -46
6371 -44
6382 -43
6393 -42
6404 -41
6415 -40
6426 -39
6437 -38
6448 -37
6459 -37
6470 -36
6481 -35
6492 -34
6503 -33
6514 -33
6525 -32
6536 -31
6547 -31
6558 -30
6569 -29
6580 -28
6591 -28
6602 -26
6614 -25
6625 -25
6636 -24
6647 -23
6658 -22
6669 -21
6680 -20
6691 -20
6702 -19
6713 -18
6724 -18
6735 -17
6746 -16
6757 -16
6768 -15
6779 -14
6790 -14
6801 -13
6812 -12
6823 -12
6834 -12
6845 -11
6856 -11
6867 -11
6878 -11
6889 -10
6900 -10
6912 -9
6923 -9
6934 -9
6945 -8
6956 -8
6967 -7
6978 -7
