2583 0
2594 0
2605 0
2616 0
2627 0
2638 0
2649 0
2660 0
2671 0
2682 0
2693 0
2704 0
2715 0
2726 0
2737 0
2748 0
2759 0
2770 0
2781 0
2792 -1
2803 -1
2814 -1
2825 -1
2836 -1
2847 -1
2859 -1
2870 -1
2881 -1
2892 -1
2903 -1
2914 -1
2925 -1
2936 -1
2947 0
2958 0
2969 0
2980 0
2991 0
3002 0
3013 0
3024 0
3035 0
3046 0
3057 0
3068 0
3079 0
3090 0
3101 0
3112 0
3123 0
3134 0
3145 0
3156 0
3167 0
3178 0
3189 0
3200 0
3211 0
3222 0
3233 0
3244 0
3255 0
3266 0
3277 0
3288 0
3299 0
3310 0
3321 0
3332 0
3343 0
3354 0
3365 0
3376 0
3387 0
3398 0
3409 0
3420 0
3431 0
3442 0
3453 0
3464 0
3475 0
3486 0
3497 0
3508 0
3519 0
3530 0
3542 -1
3553 -1
3564 -1
3575 -1
3586 -1
3597 -1
3608 -1
3619 -1
3630 -1
3641 -1
3652 -1
3663 -1
3674 -1
3685 0
3696 0
3707 0
3718 0
3729 0
3740 0
3751 0
3762 0
3773 0
3784 0
3795 0
3806 0
3817 0
3828 0
3840 0
3851 0
3862 0
3873 0
3884 0
3895 0
3906 0
3917 0
3928 0
3939 0
3950 0
3961 0
3972 0
3983 0
3994 0
4005 0
4016 0
4027 0
4038 0
4049 0
4060 0
4071 0
4082 0
4093 0
4104 0
4115 0
4126 0
4137 0
4148 0
4159 0
4170 0
4182 0
4193 0
4204 0
4215 0
4226 0
4237 0
4248 0
4259 0
4270 0
4281 0
4292 0
4303 0
4314 0
4325 0
4336 0
4347 0
4358 0
4369 0
4380 0
4391 0
4402 0
4413 0
4424 0
4435 0
4446 0
4457 0
4468 0
4480 0
4491 0
4502 0
4513 0
4524 0
4535 0
4546 0
4557 0
4568 0
4579 0
4590 0
4601 0
4612 -1
4623 -2
4634 -3
4645 -5
4656 -7
4667 -10
4678 -13
4689 -16
4700 -18
4711 -20
4722 -21
4733 -22
4744 -23
4755 -24
4766 -24
4777 -24
4788 -24
4799 -23
4810 -22
4822 -21
4833 -18
4844 -16
4855 -14
4866 -12
4877 -11
4888 -11
4899 -13
4910 -16
4921 -21
4932 -28
4943 -36
4954 -45
4965 -54
4976 -63
4987 -72
4998 -82
5009 -93
5020 -106
5031 -120
5042 -136
5053 -154
5064 -172
5075 -191
5086 -210
5097 -245
5108 -263
5120 -282
5131 -302
5142 -325
5153 -349
5164 -374
5175 -398
5186 -423
5197 -447
5208 -471
5219 -493
5230 -517
5241 -541
5252 -567
5263 -597
5274 -630
5285 -666
5296 -706
5307 -750
5318 -797
5329 -848
5340 -905
5351 -967
5362 -1033
5373 -1101
5384 -1172
5395 -1245
5406 -1395
5417 -1469
5428 -1539
5439 -1606
5450 -1668
5462 -1726
5473 -1780
5484 -1832
5495 -1879
5506 -1922
5517 -1961
5528 -1996
5539 -2029
5550 -2061
5561 -2093
5572 -2125
5583 -2159
5594 -2196
5605 -2236
5616 -2279
5627 -2324
5638 -2372
5649 -2422
5660 -2471
5671 -2521
5682 -2572
5693 -2626
5704 -2739
5715 -2796
5726 -2851
5737 -2904
5748 -2956
5760 -3009
5771 -3064
5782 -3122
5793 -3183
5804 -3246
5815 -3308
5826 -3369
5837 -3427
5848 -3483
5859 -3536
5870 -3590
5881 -3646
5892 -3706
5903 -3770
5914 -3839
5925 -3909
5936 -3979
5947 -4047
5958 -4113
5969 -4180
5980 -4250
5991 -4327
6002 -4412
6013 -4608
6024 -4715
6035 -4824
6046 -4933
6057 -5041
6068 -5148
6079 -5252
6090 -5354
6102 -5455
6113 -5555
6124 -5652
6135 -5746
6146 -5836
6157 -5919
6168 -5995
6179 -6062
6190 -6123
6201 -6178
6212 -6228
6223 -6273
6234 -6315
6245 -6355
6256 -6393
6267 -6430
6278 -6466
6289 -6500
6300 -6533
6311 -6597
6322 -6597
6333 -6657
6344 -6685
6355 -6712
6366 -6738
6377 -6763
6388 -6787
6400 -6809
6411 -6829
6422 -6847
6433 -6863
6444 -6878
6455 -6892
6466 -6905
6477 -6917
6488 -6925
6499 -6931
6510 -6938
6521 -6943
6532 -6950
6543 -6958
6554 -6967
6565 -6977
6576 -6988
6587 -7001
6598 -7016
6609 -7032
6620 -7048
6631 -7082
6642 -7099
6653 -7115
6664 -7131
6675 -7147
6686 -7161
6697 -7175
6708 -7187
6719 -7198
6730 -7209
6742 -7219
6753 -7228
6764 -7236
6775 -7244
6786 -7251
6797 -7258
6808 -7266
6819 -7275
6830 -7285
6841 -7295
6852 -7305
6863 -7315
6874 -7325
6885 -7333
6896 -7340
6907 -7346
6918 -7353
6929 -7360
6940 -7370
6951 -7374
6962 -7377
6973 -7378
6984 -7377
6995 -7374
7006 -7369
7017 -7363
7028 -7358
7040 -7353
7051 -7350
7062 -7346
7073 -7345
7084 -7343
7095 -7341
7106 -7339
7117 -7336
7128 -7333
7139 -7329
7150 -7325
7161 -7322
7172 -7320
7183 -7319
7194 -7318
7205 -7317
7216 -7315
7227 -7313
7238 -7307
7249 -7306
7260 -7305
7271 -7306
7282 -7307
7293 -7307
7304 -7308
7315 -7308
7326 -7310
7337 -7313
7348 -7317
7359 -7322
7370 -7328
7382 -7334
7393 -7341
7404 -7350
7415 -7360
7426 -7370
7437 -7380
7448 -7388
7459 -7395
7470 -7401
7481 -7407
7492 -7412
7503 -7417
7514 -7419
7525 -7419
7536 -7419
7547 -7413
7558 -7407
7569 -7398
7580 -7389
7591 -7379
7602 -7369
7613 -7360
7624 -7353
7635 -7348
7646 -7346
7657 -7344
7668 -7343
7680 -7343
7691 -7343
7702 -7343
7713 -7346
7724 -7349
7735 -7353
7746 -7355
7757 -7356
7768 -7356
7779 -7353
7790 -7348
7801 -7342
7812 -7345
7823 -7351
7834 -7369
7845 -7504
7856 -7504
7867 -7798
7878 -8008
7889 -8261
7900 -8557
7911 -8883
7922 -9224
7933 -9552
7944 -9864
7955 -10163
7966 -10454
7977 -10733
7988 -10988
7999 -11212
8010 -11393
8022 -11525
8033 -11605
8044 -11637
8055 -11637
8066 -11613
8077 -11536
8088 -11405
8099 -11230
8110 -11028
8121 -10823
8132 -10620
8143 -10416
8154 -10207
8165 -9790
8176 -9592
8187 -9403
8198 -9221
8209 -9047
8220 -8882
8231 -8725
8242 -8576
8253 -8434
8264 -8302
8275 -8182
8286 -8076
8297 -7985
8308 -7908
8320 -7846
8331 -7794
8342 -7750
8353 -7711
8364 -7678
8375 -7649
8386 -7626
8397 -7608
8408 -7592
8419 -7579
8430 -7568
8441 -7559
8452 -7551
8463 -7543
8474 -7523
8485 -7516
8496 -7510
8507 -7506
8518 -7504
8529 -7504
8540 -7504
8551 -7504
8562 -7502
8573 -7499
8584 -7493
8595 -7487
8606 -7484
8617 -7482
8628 -7482
8639 -7483
8650 -7487
8662 -7495
8673 -7506
8684 -7521
8695 -7537
8706 -7555
8717 -7571
8728 -7585
8739 -7596
8750 -7606
8761 -7616
8772 -7634
8783 -7641
8794 -7647
8805 -7652
8816 -7655
8827 -7657
8838 -7658
8849 -7658
8860 -7656
8871 -7652
8882 -7646
8893 -7638
8904 -7630
8915 -7620
8926 -7611
8937 -7601
8948 -7589
8960 -7575
8971 -7561
8982 -7545
8993 -7528
9004 -7510
9015 -7491
9026 -7471
9037 -7450
9048 -7430
9059 -7411
9070 -7391
9081 -7353
9092 -7332
9103 -7310
9114 -7287
9125 -7264
9136 -7242
9147 -7222
9158 -7204
9169 -7188
9180 -7172
9191 -7157
9202 -7142
9213 -7126
9224 -7110
9235 -7094
9246 -7079
9257 -7067
9268 -7057
9279 -7048
9290 -7039
9302 -7032
9313 -7024
9324 -7015
9335 -7005
9346 -6993
9357 -6981
9368 -6970
9379 -6946
9390 -6946
9401 -6917
9412 -6898
9423 -6875
9434 -6848
9445 -6815
9456 -6778
9467 -6738
9478 -6695
9489 -6648
9500 -6599
9511 -6545
9522 -6486
9533 -6423
9544 -6355
9555 -6281
9566 -6203
9577 -6119
9588 -6029
9600 -5932
9611 -5827
9622 -5716
9633 -5601
9644 -5484
9655 -5362
9666 -5237
9677 -5109
9688 -4978
9699 -4708
9710 -4567
9721 -4422
9732 -4275
9743 -4127
9754 -3982
9765 -3839
9776 -3699
9787 -3560
9798 -3419
9809 -3275
9820 -3127
9831 -2977
9842 -2823
9853 -2667
9864 -2512
9875 -2361
9886 -2213
9897 -2070
9908 -1932
9919 -1796
9930 -1664
9942 -1537
9953 -1417
9964 -1304
9975 -1201
9986 -1107
9997 -1025
10008 -894
10019 -844
10030 -802
10041 -765
10052 -734
10063 -708
10074 -686
10085 -669
10096 -654
10107 -640
10118 -628
10129 -617
10140 -607
10151 -597
10162 -586
10173 -575
10184 -564
10195 -552
10206 -539
10217 -526
10228 -512
10240 -499
10251 -486
10262 -474
10273 -463
10284 -453
10295 -444
10306 -427
10317 -419
10328 -410
10339 -401
10350 -391
10361 -380
10372 -370
10383 -359
10394 -349
10405 -338
10416 -327
10427 -317
10438 -305
10449 -293
10460 -280
10471 -265
10482 -249
10493 -233
10504 -216
10515 -201
10526 -187
10537 -174
10548 -162
10559 -150
10570 -140
10582 -130
10593 -120
10604 -110
10615 -94
10626 -89
10637 -85
10648 -82
10659 -81
10670 -80
10681 -80
10692 -79
10703 -78
10714 -77
10725 -77
10736 -76
10747 -75
10758 -74
10769 -73
10780 -73
10791 -72
10802 -72
