35 -2
77 11
119 1
161 -10
203 -9
245 -24
287 -40
329 -41
371 -31
413 -41
455 -40
497 -29
539 -17
581 -7
623 -20
665 -29
707 -25
749 -34
791 -36
833 -42
875 -41
917 -44
959 -48
1001 -54
1043 -43
1085 -52
1127 -36
1169 -35
1211 -26
1253 -33
1295 -40
1337 -29
1379 -42
1421 -32
1463 -31
1505 -20
1547 -12
1589 4
1631 -11
1673 -2
1715 -12
1757 3
1799 10
1841 14
1883 6
1925 -1
1967 13
2009 13
2051 13
2093 1
2135 -12
2177 2
2219 8
2261 18
2303 24
2345 12
2387 -4
2429 -15
2471 -25
2513 -38
2555 -51
2597 -41
2639 -35
2681 -27
2723 -22
2765 -12
2807 -22
2849 -20
2891 -12
2933 -22
2975 -25
3017 -35
3059 -35
3101 -37
3143 -46
3185 -33
3227 -23
3269 -16
3311 -31
3353 -45
3395 -38
3437 -34
3479 -42
3521 -45
3563 -58
3605 -54
3647 -70
3689 -55
3731 -49
3773 -58
3815 -61
3857 -49
3899 -40
3941 -37
3983 -39
4025 -37
4067 -47
4109 -37
4151 -45
4193 -32
4235 -41
4277 -48
4319 -52
4361 -48
4403 -50
4445 -57
4487 -55
4529 -41
4571 -50
4613 -55
4655 -42
4697 -27
4739 -13
4781 1
4823 5
4865 -9
4907 2
4949 -8
4991 -9
5033 -9
5075 -18
5117 -14
5159 0
5201 14
5243 18
5285 33
5327 21
5369 32
5411 28
5453 39
5495 44
5537 57
5579 57
5621 63
5663 58
5705 51
5747 62
5789 53
5831 42
5873 48
5915 33
5957 31
5999 46
6041 48
6083 45
6125 57
6167 64
6209 69
6251 71
6293 56
6335 69
6377 66
6419 63
6461 73
6503 84
6545 85
6587 78
6629 83
6671 77
6713 85
6755 75
6797 74
6839 72
6881 88
6923 84
6965 95
7007 79
7049 73
7091 87
7133 84
7175 96
7217 96
7259 109
7301 100
7343 84
7385 95
7427 97
7469 90
7511 98
7553 90
7595 76
7637 92
7679 86
7721 72
7763 59
7805 53
7847 62
7889 67
7931 52
7973 52
8015 55
8057 62
8099 68
8141 82
8183 81
8225 85
8267 98
8309 83
8351 86
8393 91
8435 91
8477 77
8519 64
8561 50
8603 54
8645 58
8687 68
8729 59
8771 48
8813 51
8855 44
8897 34
8939 20
8981 19
9023 19
9065 23
9107 17
9149 32
9191 21
9233 20
9275 22
9317 20
9359 25
9401 36
9443 29
9485 32
9527 43
9569 54
9611 41
9653 47
9695 36
9737 40
9779 29
9821 21
9863 18
9905 2
9947 -3
9989 -6
10031 1
10073 -9
10115 -7
10157 -15
10199 -1
10241 -9
10283 -11
10325 -13
10367 -1
10409 -3
10451 -13
10493 -6
10535 -19
10577 -11
10619 -18
10661 -9
10703 -15
10745 -1
10787 10
10829 3
10871 17
10913 28
10955 16
10997 30
11039 14
11081 7
11123 7
11165 -9
11207 3
11249 -7
11291 -23
11333 -24
11375 -30
11417 -38
11459 -35
11501 -41
11543 -43
11585 -52
11627 -53
11669 -43
11711 -50
11753 -53
11795 -69
11837 -54
11879 -67
11921 -59
11963 -54
12005 -47
12047 -33
12089 -37
12131 -37
12173 -23
12215 -13
12257 0
12299 -3
12341 -11
12383 0
12425 -11
12467 -15
12509 -30
12551 -14
12593 -7
12635 -16
12677 -22
12719 -7
12761 -18
12803 -30
12845 -26
12887 -15
12929 -5
12971 -8
13013 -21
13055 -16
13097 -3
13139 1
13181 -8
13223 -20
13265 -26
13307 -36
13349 -20
13391 -22
13433 -32
13475 -23
13517 -27
13559 -19
13601 -24
13643 -29
13685 -18
13727 -25
13769 -23
13811 -31
13853 -40
13895 -40
13937 -43
13979 -40
14021 -55
14063 -45
14105 -33
14147 -32
14189 -24
14231 -23
14273 -15
14315 -17
14357 -25
14399 -17
14441 -27
14483 -20
14525 -8
14567 -11
14609 -7
14651 -16
14693 -17
14735 -9
14777 -20
14819 -31
14861 -24
14903 -20
14945 -20
14987 -29
15029 -32
15071 -35
15113 -30
15155 -32
15197 -25
15239 -13
15281 -29
15323 -35
15365 -21
15407 -30
15449 -38
15491 -33
15533 -46
15575 -50
15617 -53
15659 -50
15701 -58
15743 -64
15785 -62
15827 -65
15869 -58
15911 -57
15953 -50
15995 -54
16037 -63
16079 -78
16121 -73
16163 -86
16205 -74
16247 -64
16289 -49
16331 -53
16373 -46
16415 -49
16457 -41
16499 -41
16541 -40
16583 -24
16625 -8
16667 -11
16709 -22
16751 -17
16793 -7
16835 -8
16877 -5
16919 0
16961 -13
17003 -16
17045 -21
17087 -9
17129 -18
17171 -24
17213 -21
17255 -18
17297 -16
17339 -32
17381 -38
17423 -32
17465 -26
17507 -34
17549 -34
17591 -49
17633 -57
17675 -72
17717 -77
17759 -82
17801 -75
17843 -85
17885 -99
17927 -84
17969 -83
18011 -71
18053 -58
18095 -53
18137 -50
18179 -59
18221 -50
18263 -45
18305 -38
18347 -37
18389 -29
18431 -20
18473 -34
18515 -43
18557 -38
18599 -51
18641 -58
18683 -47
18725 -36
18767 -38
18809 -42
18851 -42
18893 -47
18935 -61
18977 -62
19019 -65
19061 -74
19103 -62
19145 -46
19187 -53
19229 -38
19271 -26
19313 -42
19355 -48
19397 -58
19439 -67
19481 -57
19523 -66
19565 -70
19607 -63
19649 -64
19691 -57
19733 -58
19775 -48
19817 -50
19859 -36
19901 -40
19943 -48
19985 -32
20027 -46
20069 -47
20111 -36
20153 -50
20195 -37
20237 -33
20279 -22
20321 -17
20363 -9
20405 -20
20447 -31
20489 -33
20531 -44
20573 -35
20615 -34
20657 -44
20699 -44
20741 -50
20783 -42
20825 -51
20867 -67
20909 -79
20951 -86
20993 -77
21035 -80
21077 -91
21119 -75
21161 -74
21203 -76
21245 -76
21287 -90
21329 -96
21371 -87
21413 -90
21455 -77
21497 -63
21539 -54
21581 -43
21623 -54
21665 -50
21707 -52
21749 -47
21791 -33
21833 -43
21875 -55
21917 -65
21959 -74
22001 -90
22043 -89
22085 -103
22127 -113
22169 -114
22211 -119
22253 -115
22295 -124
22337 -109
22379 -122
22421 -137
22463 -126
22505 -127
22547 -139
22589 -153
22631 -142
22673 -130
22715 -134
22757 -124
22799 -129
22841 -126
22883 -139
22925 -138
22967 -134
23009 -121
23051 -127
23093 -114
23135 -103
23177 -91
23219 -82
23261 -77
23303 -92
23345 -76
23387 -68
23429 -61
23471 -48
23513 -64
23555 -62
23597 -46
23639 -47
23681 -50
23723 -34
23765 -50
23807 -52
23849 -41
23891 -56
23933 -70
23975 -62
24017 -55
24059 -63
24101 -62
24143 -62
24185 -53
24227 -56
24269 -71
24311 -87
24353 -83
24395 -92
24437 -76
24479 -68
24521 -84
24563 -79
24605 -65
24647 -73
24689 -59
24731 -64
24773 -60
24815 -66
24857 -59
24899 -71
24941 -68
24983 -83
25025 -70
25067 -74
25109 -86
25151 -72
25193 -79
25235 -90
25277 -76
25319 -76
25361 -66
25403 -75
25445 -69
25487 -65
25529 -70
25571 -55
25613 -46
25655 -33
25697 -30
25739 -36
25781 -44
25823 -49
25865 -38
25907 -28
25949 -42
25991 -41
26033 -49
26075 -53
26117 -55
26159 -55
26201 -68
26243 -78
26285 -67
26327 -52
26369 -62
26411 -63
26453 -74
26495 -86
26537 -87
26579 -78
26621 -86
26663 -92
26705 -105
26747 -120
26789 -118
26831 -103
26873 -97
26915 -98
26957 -95
26999 -98
27041 -114
27083 -124
27125 -112
27167 -109
27209 -122
27251 -111
27293 -120
27335 -115
27377 -109
27419 -118
27461 -116
27503 -101
27545 -85
27587 -89
27629 -102
27671 -95
27713 -107
27755 -116
27797 -122
27839 -109
27881 -97
27923 -110
27965 -110
28007 -119
28049 -118
28091 -113
28133 -113
28175 -124
28217 -109
28259 -120
28301 -135
28343 -139
28385 -153
28427 -164
28469 -158
28511 -149
28553 -160
28595 -149
28637 -141
28679 -157
28721 -173
28763 -166
28805 -164
28847 -153
28889 -150
28931 -154
28973 -160
29015 -154
29057 -139
29099 -149
29141 -141
29183 -138
29225 -140
29267 -139
29309 -153
29351 -159
29393 -145
29435 -142
29477 -134
29519 -142
29561 -150
29603 -157
29645 -159
29687 -151
29729 -136
29771 -144
29813 -148
29855 -147
29897 -132
29939 -128
29981 -129
30023 -143
30065 -157
30107 -166
30149 -151
30191 -144
30233 -142
30275 -153
30317 -167
30359 -168
30401 -175
30443 -178
30485 -173
30527 -167
30569 -182
30611 -173
30653 -175
30695 -184
30737 -195
30779 -189
30821 -194
30863 -184
30905 -195
30947 -193
30989 -209
31031 -204
31073 -208
31115 -196
31157 -190
31199 -193
31241 -189
31283 -193
31325 -193
31367 -206
31409 -207
31451 -199
31493 -215
31535 -215
31577 -226
31619 -220
31661 -215
31703 -214
31745 -222
31787 -227
31829 -224
31871 -219
31913 -212
31955 -199
31997 -197
32039 -202
32081 -190
32123 -178
32165 -187
32207 -192
32249 -197
32291 -210
32333 -203
32375 -219
32417 -235
32459 -219
32501 -207
32543 -223
32585 -214
32627 -210
32669 -203
32711 -201
32753 -207
32795 -198
32837 -183
32879 -178
32921 -162
32963 -166
33005 -182
33047 -168
33089 -168
33131 -155
33173 -142
33215 -138
33257 -135
33299 -145
33341 -131
33383 -125
33425 -130
33467 -134
33509 -143
33551 -147
33593 -145
33635 -148
33677 -146
33719 -159
33761 -160
33803 -167
33845 -169
33887 -173
33929 -172
33971 -157
34013 -155
34055 -140
34097 -135
34139 -141
34181 -132
34223 -143
34265 -150
34307 -161
34349 -177
34391 -164
34433 -165
34475 -163
34517 -167
34559 -180
34601 -186
34643 -202
34685 -193
34727 -195
34769 -192
34811 -185
34853 -185
34895 -173
34937 -162
34979 -158
35021 -149
35063 -141
35105 -152
35147 -159
35189 -170
35231 -167
35273 -182
35315 -166
35357 -171
35399 -169
35441 -163
35483 -159
35525 -172
35567 -162
35609 -150
35651 -149
35693 -134
35735 -148
35777 -132
35819 -147
35861 -143
35903 -131
35945 -145
35987 -158
36029 -143
36071 -137
36113 -141
36155 -126
36197 -117
36239 -123
36281 -124
36323 -121
36365 -120
36407 -124
36449 -129
36491 -138
36533 -128
36575 -133
36617 -127
36659 -111
36701 -95
36743 -102
36785 -116
36827 -105
36869 -94
36911 -78
36953 -91
36995 -105
37037 -97
37079 -103
37121 -87
37163 -89
37205 -89
37247 -97
37289 -104
37331 -116
37373 -109
37415 -104
37457 -101
37499 -104
37541 -89
37583 -103
37625 -96
37667 -96
37709 -94
37751 -92
37793 -85
37835 -101
37877 -107
37919 -122
37961 -115
38003 -127
38045 -142
38087 -139
38129 -130
38171 -123
38213 -113
38255 -97
38297 -94
38339 -93
38381 -99
38423 -112
38465 -128
38507 -140
38549 -134
38591 -124
38633 -112
38675 -123
38717 -138
38759 -133
38801 -119
38843 -119
38885 -116
38927 -124
38969 -139
39011 -142
39053 -142
39095 -150
39137 -139
39179 -141
39221 -146
39263 -160
39305 -168
39347 -179
39389 -190
39431 -185
39473 -170
39515 -158
39557 -166
39599 -154
39641 -145
39683 -140
39725 -137
39767 -149
39809 -164
39851 -171
39893 -172
39935 -167
39977 -170
40019 -186
40061 -176
40103 -174
40145 -178
40187 -182
40229 -178
40271 -182
40313 -166
40355 -160
40397 -148
40439 -132
40481 -136
40523 -141
40565 -127
40607 -117
40649 -113
40691 -117
40733 -121
40775 -106
40817 -115
40859 -113
40901 -110
40943 -96
40985 -112
41027 -118
41069 -123
41111 -138
41153 -147
41195 -144
41237 -160
41279 -154
41321 -157
41363 -143
41405 -149
41447 -142
41489 -129
41531 -136
41573 -120
41615 -135
41657 -134
41699 -140
41741 -153
41783 -137
41825 -142
41867 -150
41909 -147
41951 -158
41993 -167
42035 -170
42077 -176
42119 -167
42161 -152
42203 -159
42245 -172
42287 -168
42329 -183
42371 -170
42413 -169
42455 -174
42497 -186
42539 -201
42581 -213
42623 -210
42665 -204
42707 -211
42749 -204
42791 -200
42833 -214
42875 -216
42917 -225
42959 -227
43001 -236
