     1	74
     2	74
     3	74
     4	74
     5	74
     6	74
     7	74
     8	74
     9	74
    10	74
    11	74
    12	74
    13	74
    14	74
    15	0
    16	0
    17	0
    18	0
    19	0
    20	0
    21	0
    22	0
    23	0
    24	0
    25	0
    26	0
    27	0
    28	0
    29	0
    30	0
    31	0
    32	0
    33	-1
    34	-1
    35	-1
    36	-1
    37	-1
    38	-1
    39	-1
    40	-1
    41	-1
    42	-1
    43	-1
    44	-1
    45	-1
    46	-1
    47	-1
    48	-1
    49	-1
    50	-1
    51	-1
    52	-1
    53	-2
    54	-2
    55	-2
    56	-2
    57	-3
    58	-3
    59	-4
    60	-4
    61	-5
    62	-5
    63	-6
    64	-6
    65	-6
    66	-6
    67	-7
    68	-7
    69	-7
    70	-7
    71	-7
    72	-8
    73	-8
    74	-8
    75	-9
    76	-9
    77	-9
    78	-9
    79	-10
    80	-10
    81	-10
    82	-11
    83	-11
    84	-11
    85	-11
    86	-11
    87	-12
    88	-12
    89	-13
    90	-14
    91	-14
    92	-15
    93	-15
    94	-16
    95	-18
    96	-19
    97	-21
    98	-23
    99	-25
   100	-28
   101	-31
   102	-34
   103	-37
   104	-40
   105	-42
   106	-45
   107	-47
   108	-49
   109	-52
   110	-54
   111	-56
   112	-58
   113	-60
   114	-62
   115	-64
   116	-65
   117	-66
   118	-68
   119	-69
   120	-70
   121	-72
   122	-73
   123	-75
   124	-77
   125	-79
   126	-81
   127	-83
   128	-85
   129	-87
   130	-89
   131	-92
   132	-96
   133	-103
   134	-113
   135	-126
   136	-141
   137	-159
   138	-177
   139	-192
   140	-205
   141	-216
   142	-224
   143	-228
   144	-230
   145	-230
   146	-231
   147	-232
   148	-232
   149	-230
   150	-226
   151	-217
   152	-206
   153	-194
   154	-180
   155	-171
   156	-169
   157	-169
   158	-175
   159	-186
   160	-204
   161	-227
   162	-258
   163	-294
   164	-333
   165	-376
   166	-424
   167	-477
   168	-533
   169	-592
   170	-652
   171	-714
   172	-780
   173	-850
   174	-927
   175	-1011
   176	-1100
   177	-1194
   178	-1288
   179	-1380
   180	-1472
   181	-1565
   182	-1662
   183	-1765
   184	-1876
   185	-1995
   186	-2123
   187	-2260
   188	-2401
   189	-2541
   190	-2677
   191	-2808
   192	-2936
   193	-3063
   194	-3193
   195	-3329
   196	-3470
   197	-3613
   198	-3753
   199	-3890
   200	-4024
   201	-4153
   202	-4273
   203	-4382
   204	-4480
   205	-4573
   206	-4666
   207	-4759
   208	-4851
   209	-4941
   210	-5024
   211	-5102
   212	-5177
   213	-5250
   214	-5320
   215	-5386
   216	-5442
   217	-5493
   218	-5541
   219	-5590
   220	-5643
   221	-5695
   222	-5743
   223	-5786
   224	-5827
   225	-5866
   226	-5906
   227	-5948
   228	-5990
   229	-6030
   230	-6070
   231	-6112
   232	-6155
   233	-6199
   234	-6241
   235	-6280
   236	-6313
   237	-6340
   238	-6362
   239	-6380
   240	-6395
   241	-6407
   242	-6415
   243	-6417
   244	-6417
   245	-6411
   246	-6403
   247	-6395
   248	-6389
   249	-6383
   250	-6377
   251	-6369
   252	-6359
   253	-6350
   254	-6344
   255	-6340
   256	-6338
   257	-6336
   258	-6334
   259	-6334
   260	-6334
   261	-6339
   262	-6349
   263	-6359
   264	-6366
   265	-6368
   266	-6364
   267	-6356
   268	-6348
   269	-6343
   270	-6342
   271	-6341
   272	-6338
   273	-6334
   274	-6328
   275	-6321
   276	-6313
   277	-6307
   278	-6303
   279	-6296
   280	-6281
   281	-6266
   282	-6250
   283	-6234
   284	-6220
   285	-6207
   286	-6194
   287	-6180
   288	-6166
   289	-6150
   290	-6134
   291	-6114
   292	-6093
   293	-6066
   294	-6034
   295	-5994
   296	-5948
   297	-5897
   298	-5838
   299	-5764
   300	-5674
   301	-5566
   302	-5446
   303	-5335
   304	-5253
   305	-5231
   306	-5231
   307	-5305
   308	-5521
   309	-5929
   310	-6512
   311	-7245
   312	-8107
   313	-9038
   314	-9995
   315	-10969
   316	-11972
   317	-12984
   318	-13997
   319	-14987
   320	-15917
   321	-16758
   322	-17485
   323	-18063
   324	-18453
   325	-18605
   326	-18605
   327	-18535
   328	-18258
   329	-17783
   330	-17160
   331	-16431
   332	-15611
   333	-14700
   334	-13731
   335	-12715
   336	-11675
   337	-10637
   338	-9624
   339	-8646
   340	-7711
   341	-6825
   342	-5998
   343	-5231
   344	-4532
   345	-3908
   346	-3368
   347	-2911
   348	-2534
   349	-2228
   350	-1986
   351	-1804
   352	-1673
   353	-1586
   354	-1525
   355	-1471
   356	-1422
   357	-1377
   358	-1329
   359	-1272
   360	-1204
   361	-1125
   362	-1037
   363	-945
   364	-855
   365	-769
   366	-688
   367	-612
   368	-541
   369	-475
   370	-414
   371	-355
   372	-303
   373	-261
   374	-226
   375	-194
   376	-168
   377	-147
   378	-130
   379	-114
   380	-100
   381	-87
   382	-77
   383	-69
   384	-62
   385	-58
   386	-54
   387	-52
   388	-54
   389	-56
   390	-57
   391	-53
   392	-49
   393	-48
   394	-45
   395	-42
   396	-40
   397	-39
   398	-39
   399	-40
   400	-40
   401	-41
   402	-41
   403	-41
   404	-40
   405	-39
   406	-39
   407	-38
   408	-38
   409	-38
   410	-38
   411	-38
   412	-38
   413	-38
   414	-38
   415	-37
   416	-37
   417	-37
   418	-36
   419	-36
   420	-36
   421	-36
   422	-35
   423	-35
   424	-35
   425	-35
   426	-34
   427	-34
   428	-34
   429	-34
   430	-33
   431	-33
   432	-33
   433	-33
   434	-33
   435	-33
   436	-32
   437	-32
   438	-32
   439	-32
   440	-32
   441	-32
   442	-31
   443	-31
   444	-31
   445	-31
   446	-30
   447	-30
   448	-30
   449	-30
   450	-30
   451	-29
   452	-29
   453	-29
   454	-29
   455	-29
   456	-29
   457	-29
   458	-29
   459	-28
   460	-28
   461	-28
   462	-28
   463	-28
   464	-28
   465	-27
   466	-27
   467	-27
   468	-27
   469	-27
   470	-27
   471	-26
   472	-26
   473	-26
   474	-26
   475	-26
   476	-26
   477	-26
   478	-25
   479	-25
   480	-26
   481	-26
   482	-25
   483	-25
   484	-25
   485	-25
   486	-25
   487	-25
   488	-25
   489	-25
   490	-25
   491	-25
   492	-25
   493	-25
   494	-25
   495	-25
   496	-25
   497	-25
   498	-25
   499	-25
   500	-25
   501	-25
   502	-25
   503	-24
   504	-24
   505	-24
   506	-24
   507	-24
   508	-24
   509	-24
   510	-24
   511	-24
   512	-25
   513	-25
   514	-25
   515	-25
   516	-25
   517	-25
   518	-25
   519	-25
   520	-25
   521	-25
   522	-25
   523	-25
   524	-25
   525	-25
   526	-25
   527	-24
   528	-24
   529	-24
   530	-24
   531	-24
   532	-24
   533	-24
   534	-24
   535	-23
   536	-23
   537	-23
   538	-23
   539	-23
   540	-23
   541	-23
   542	-23
   543	-23
   544	-23
   545	-23
   546	-23
   547	-23
   548	-23
   549	-23
   550	-24
   551	-24
   552	-24
   553	-24
   554	-24
   555	-24
   556	-25
   557	-25
   558	-25
   559	-26
