69190 -5
69201 -5
69212 -5
69223 -5
69234 -5
69245 -5
146 -5
69157 -5
69168 -5
69179 -5
69190 -5
69201 -5
69212 -5
69223 -5
69234 -5
69245 -5
2594 0
2605 0
2616 0
2627 0
2638 0
2649 0
2660 0
2671 0
2682 0
2693 0
2704 0
2715 0
2726 0
2737 0
2748 0
2759 0
2770 0
2781 0
2792 0
2803 0
2814 0
2825 0
2836 0
2847 0
2859 0
2870 0
2881 0
2892 0
2903 0
2914 0
2925 0
2936 0
2947 0
2958 0
2969 0
2980 0
2991 0
3002 0
3013 0
3024 0
3035 0
3046 0
3057 0
3068 0
3079 0
3090 0
3101 0
3112 0
3123 0
3134 0
3145 0
3156 0
3167 0
3178 0
3189 0
3200 0
3211 0
3222 0
3233 0
3244 0
3255 0
3266 0
3277 0
3288 0
3299 0
3310 0
3321 0
3332 0
3343 0
3354 0
3365 0
3376 0
3387 0
3398 0
3409 0
3420 0
3431 0
3442 0
3453 0
3464 0
3475 0
3486 0
3497 0
3508 0
3519 0
3530 0
3542 0
3553 0
3564 0
3575 0
3586 0
3597 0
3608 0
3619 0
3630 0
3641 0
3652 0
3663 0
3674 0
3685 0
3696 0
3707 0
3718 0
3729 0
3740 0
3751 0
3762 0
3773 0
3784 0
3795 0
3806 0
3817 0
3828 0
3840 0
3851 0
3862 0
3873 0
3884 0
3895 0
3906 0
3917 0
3928 0
3939 0
3950 0
3961 0
3972 0
3983 0
3994 0
4005 0
4016 0
4027 0
4038 0
4049 0
4060 0
4071 0
4082 0
4093 0
4104 0
4115 0
4126 0
4137 0
4148 0
4159 0
4170 0
4182 0
4193 0
4204 0
4215 0
4226 0
4237 0
4248 0
4259 0
4270 0
4281 0
4292 0
4303 0
4314 0
4325 0
4336 0
4347 0
4358 0
4369 0
4380 0
4391 0
4402 0
4413 0
4424 0
4435 0
4446 0
4457 0
4468 0
4480 0
4491 0
4502 0
4513 0
4524 0
4535 0
4546 0
4557 0
4568 0
4579 0
4590 0
4601 0
4612 0
4623 0
4634 0
4645 0
4656 0
4667 0
4678 0
4689 0
4700 0
4711 0
4722 0
4733 0
4744 0
4755 0
4766 0
4777 0
4788 0
4799 0
4810 0
4822 0
4833 0
4844 0
4855 0
4866 0
4877 0
4888 0
4899 0
4910 0
4921 0
4932 0
4943 0
4954 0
4965 0
4976 0
4987 0
4998 0
5009 0
5020 0
5031 0
5042 0
5053 0
5064 0
5075 0
5086 0
5097 0
5108 0
5120 0
5131 0
5142 0
5153 -1
5164 -1
5175 -3
5186 -4
5197 -6
5208 -8
5219 -10
5230 -13
5241 -15
5252 -18
5263 -21
5274 -23
5285 -26
5296 -29
5307 -31
5318 -32
5329 -33
5340 -34
5351 -35
5362 -35
5373 -36
5384 -36
5395 -38
5406 -38
5417 -39
5428 -39
5439 -40
5450 -41
5462 -41
5473 -42
5484 -42
5495 -44
5506 -45
5517 -46
5528 -47
5539 -49
5550 -50
5561 -51
5572 -51
5583 -52
5594 -53
5605 -54
5616 -54
5627 -55
5638 -56
5649 -57
5660 -57
5671 -57
5682 -57
5693 -57
5704 -56
5715 -55
5726 -55
5737 -56
5748 -56
5760 -57
5771 -56
5782 -55
5793 -54
5804 -52
5815 -50
5826 -48
5837 -46
5848 -45
5859 -45
5870 -47
5881 -48
5892 -51
5903 -53
5914 -55
5925 -56
5936 -57
5947 -57
5958 -58
5969 -60
5980 -62
5991 -65
6002 -71
6013 -74
6024 -76
6035 -77
6046 -78
6057 -79
6068 -80
6079 -81
6090 -82
6102 -84
6113 -86
6124 -88
6135 -90
6146 -92
6157 -95
6168 -97
6179 -99
6190 -101
6201 -103
6212 -105
6223 -106
6234 -107
6245 -107
6256 -107
6267 -107
6278 -106
6289 -105
6300 -103
6311 -100
6322 -100
6333 -95
6344 -93
6355 -91
6366 -89
6377 -87
6388 -85
6400 -83
6411 -82
6422 -81
6433 -80
6444 -79
6455 -78
6466 -77
6477 -77
6488 -76
6499 -76
6510 -75
6521 -75
6532 -74
6543 -73
6554 -72
6565 -71
6576 -71
6587 -70
6598 -69
6609 -68
6620 -68
6631 -66
6642 -66
6653 -65
6664 -64
6675 -64
6686 -63
6697 -62
6708 -61
6719 -60
6730 -59
6742 -58
6753 -57
6764 -57
6775 -57
6786 -57
6797 -57
6808 -57
6819 -58
6830 -59
6841 -60
6852 -61
6863 -63
6874 -65
6885 -67
6896 -70
6907 -74
6918 -77
6929 -80
6940 -86
6951 -89
6962 -92
6973 -95
6984 -97
6995 -100
7006 -102
7017 -104
7028 -105
7040 -107
7051 -108
7062 -109
7073 -110
7084 -110
7095 -111
7106 -112
7117 -113
7128 -113
7139 -114
7150 -115
7161 -116
7172 -116
7183 -118
7194 -119
7205 -120
7216 -122
7227 -123
7238 -125
7249 -127
7260 -128
7271 -129
7282 -130
7293 -132
7304 -133
7315 -134
7326 -135
7337 -137
7348 -138
7359 -139
7370 -140
7382 -142
7393 -143
7404 -145
7415 -146
7426 -148
7437 -150
7448 -151
7459 -152
7470 -154
7481 -155
7492 -156
7503 -157
7514 -158
7525 -159
7536 -159
7547 -160
7558 -159
7569 -158
7580 -156
7591 -153
7602 -150
7613 -146
7624 -141
7635 -136
7646 -131
7657 -126
7668 -120
7680 -114
7691 -107
7702 -101
7713 -96
7724 -90
7735 -85
7746 -80
7757 -77
7768 -73
7779 -71
7790 -69
7801 -67
7812 -66
7823 -65
7834 -65
7845 -64
7856 -64
7867 -64
7878 -64
7889 -64
7900 -64
7911 -64
7922 -64
7933 -64
7944 -64
7955 -64
7966 -64
7977 -64
7988 -64
7999 -64
8010 -64
8022 -64
8033 -64
8044 -64
8055 -64
8066 -64
8077 -64
8088 -64
8099 -64
8110 -64
8121 -64
8132 -64
8143 -64
8154 -64
8165 -64
8176 -64
8187 -64
8198 -64
8209 -64
8220 -64
8231 -64
8242 -64
8253 -64
8264 -64
8275 -64
8286 -64
8297 -64
8308 -64
8320 -64
8331 -64
8342 -64
8353 -64
8364 -64
8375 -64
8386 -64
8397 -64
8408 -64
8419 -64
8430 -64
8441 -64
8452 -64
8463 -64
8474 -64
8485 -64
8496 -64
8507 -64
8518 -64
8529 -64
8540 -64
8551 -64
8562 -64
8573 -64
8584 -64
8595 -64
8606 -64
8617 -64
8628 -64
8639 -64
8650 -64
8662 -64
8673 -64
8684 -64
8695 -64
8706 -64
8717 -64
8728 -64
8739 -64
8750 -64
8761 -64
8772 -64
8783 -64
8794 -64
8805 -64
8816 -64
8827 -64
8838 -64
8849 -64
8860 -64
8871 -64
8882 -64
8893 -64
8904 -64
8915 -64
8926 -64
8937 -64
8948 -64
8960 -64
8971 -64
8982 -64
8993 -64
9004 -64
9015 -64
9026 -64
9037 -64
9048 -64
9059 -64
9070 -64
9081 -64
9092 -64
9103 -64
9114 -64
9125 -64
9136 -64
9147 -64
9158 -64
9169 -64
9180 -64
9191 -64
9202 -64
9213 -64
9224 -64
9235 -64
9246 -64
9257 -64
9268 -64
9279 -64
9290 -64
9302 -64
9313 -64
9324 -64
9335 -64
9346 -64
9357 -64
9368 -64
9379 -64
9390 -64
9401 -64
9412 -64
9423 -64
9434 -64
9445 -64
9456 -64
9467 -64
9478 -64
9489 -64
9500 -64
9511 -64
9522 -64
9533 -64
9544 -64
9555 -64
9566 -64
9577 -64
9588 -64
9600 -64
9611 -64
9622 -64
9633 -64
9644 -64
9655 -64
9666 -64
9677 -64
9688 -64
9699 -64
9710 -64
9721 -64
9732 -64
9743 -64
9754 -64
9765 -64
9776 -64
9787 -64
9798 -64
9809 -64
9820 -64
9831 -64
9842 -64
9853 -64
9864 -64
9875 -64
9886 -64
9897 -64
9908 -64
9919 -64
9930 -64
9942 -64
9953 -64
9964 -64
9975 -64
9986 -64
9997 -64
10008 -64
10019 -64
10030 -64
10041 -64
10052 -64
10063 -64
10074 -64
10085 -64
10096 -64
10107 -64
10118 -64
10129 -64
10140 -64
10151 -64
10162 -64
10173 -64
10184 -64
10195 -64
10206 -64
10217 -64
10228 -64
10240 -64
10251 -64
10262 -64
10273 -64
10284 -64
10295 -64
10306 -64
10317 -64
10328 -64
10339 -64
10350 -64
10361 -64
10372 -64
10383 -64
10394 -64
10405 -64
10416 -64
10427 -64
10438 -64
10449 -64
10460 -64
10471 -64
10482 -64
10493 -64
10504 -64
10515 -64
10526 -64
10537 -64
10548 -64
10559 -64
10570 -64
10582 -64
10593 -64
10604 -64
10615 -64
10626 -64
10637 -64
10648 -64
10659 -64
10670 -64
10681 -64
10692 -64
10703 -64
10714 -64
10725 -64
10736 -64
10747 -64
10758 -64
10769 -64
10780 -64
10791 -64
10802 -64
10813 -64
10824 -64
10835 -64
10846 -64
10857 -64
10868 -64
10880 -64
10891 -64
10902 -64
10913 -64
10924 -64
10935 -64
10946 -64
10957 -64
10968 -64
10979 -64
10990 -64
11001 -64
11012 -64
11023 -64
11034 -64
11045 -64
11056 -64
11067 -64
11078 -64
11089 -64
11100 -64
11111 -64
11122 -64
11133 -64
11144 -64
11155 -64
11166 -64
11177 -64
11188 -64
11199 -64
11210 -64
11222 -64
11233 -64
11244 -64
11255 -64
11266 -64
11277 -64
11288 -64
11299 -64
11310 -64
11321 -64
11332 -64
11343 -64
11354 -64
11365 -64
11376 -64
11387 -64
11398 -64
11409 -64
11420 -64
11431 -64
11442 -64
11453 -64
11464 -64
11475 -64
11486 -64
11497 -64
11508 -64
11520 -64
11531 -64
11542 -64
11553 -64
11564 -64
11575 -64
11586 -64
11597 -64
11608 -64
11619 -64
11630 -64
11641 -64
11652 -64
11663 -64
11674 -64
11685 -64
11696 -64
11707 -64
11718 -64
11729 -64
11740 -64
11751 -64
11762 -64
11773 -64
11784 -64
11795 -64
11806 -64
11817 -64
11828 -64
11839 -64
11850 -64
11862 -64
11873 -64
11884 -64
11895 -64
11906 -64
11917 -64
11928 -64
11939 -64
11950 -64
11961 -64
11972 -64
11983 -64
11994 -64
12005 -64
12016 -64
12027 -64
12038 -64
12049 -64
12060 -64
12071 -64
12082 -64
12093 -64
12104 -64
12115 -64
12126 -64
12137 -64
12148 -64
12160 -64
12171 -64
12182 -64
12193 -64
12204 -64
12215 -64
12226 -64
12237 -64
12248 -64
12259 -64
12270 -64
12281 -64
12292 -64
12303 -64
12314 -64
12325 -64
12336 -64
12347 -64
12358 -64
12369 -64
12380 -64
12391 -64
12402 -64
12413 -64
12424 -64
12435 -64
12446 -64
12457 -64
12468 -64
12479 -64
12490 -64
12502 -64
12513 -64
12524 -64
12535 -64
12546 -64
12557 -64
12568 -64
12579 -64
12590 -64
12601 -64
12612 -64
12623 -64
12634 -64
12645 -64
12656 -64
12667 -64
12678 -64
12689 -64
12700 -64
12711 -64
12722 -64
12733 -64
12744 -64
12755 -64
12766 -64
12777 -64
12788 -64
12800 -64
12811 -64
12822 -64
12833 -64
12844 -64
12855 -64
12866 -64
12877 -64
12888 -64
12899 -64
12910 -64
12921 -64
12932 -64
12943 -64
12954 -64
12965 -64
12976 -64
12987 -64
12998 -64
13009 -64
13020 -64
13031 -64
13042 -64
13053 -64
13064 -64
13075 -64
13086 -64
13097 -64
13108 -64
13119 -64
13130 -64
13142 -64
13153 -64
13164 -64
13175 -64
13186 -64
13197 -64
13208 -64
13219 -64
13230 -64
13241 -64
13252 -64
13263 -64
13274 -64
13285 -64
13296 -64
13307 -64
13318 -64
13329 -64
13340 -64
13351 -64
13362 -64
13373 -64
13384 -64
13395 -64
13406 -64
13417 -64
13428 -64
13440 -64
13451 -64
13462 -64
13473 -64
13484 -64
13495 -64
13506 -64
13517 -64
13528 -64
13539 -64
13550 -64
13561 -64
13572 -64
13583 -64
13594 -64
13605 -64
13616 -64
13627 -64
13638 -64
13649 -64
13660 -64
13671 -64
13682 -64
13693 -64
13704 -64
13715 -64
13726 -64
13737 -64
13748 -64
13759 -64
13770 -64
13782 -64
13793 -64
13804 -64
13815 -64
13826 -64
13837 -64
13848 -64
13859 -64
13870 -64
13881 -64
13892 -64
13903 -64
13914 -64
13925 -64
13936 -64
13947 -64
13958 -64
13969 -64
13980 -64
13991 -64
14002 -64
14013 -64
