40344 6
3 6
40244 5
40255 6
40266 6
40278 6
40289 6
40300 6
40311 6
40322 5
40333 6
40344 6
2595 0
2606 0
2617 0
2628 0
2639 0
2650 0
2661 0
2672 0
2683 0
2694 0
2705 0
2716 0
2727 0
2738 0
2749 0
2760 0
2771 0
2782 0
2793 0
2804 0
2816 0
2827 0
2838 0
2849 0
2860 0
2871 0
2882 0
2893 0
2904 0
2915 0
2926 0
2937 0
2948 0
2959 0
2970 0
2981 0
2992 0
3003 0
3014 0
3025 0
3036 0
3047 0
3058 0
3069 0
3080 0
3091 0
3102 0
3113 0
3124 0
3135 0
3146 0
3158 0
3169 -1
3180 0
3191 0
3202 0
3213 0
3224 0
3235 0
3246 0
3257 0
3268 0
3279 0
3290 0
3301 0
3312 0
3323 0
3334 0
3345 0
3356 0
3367 0
3378 0
3389 0
3400 0
3411 0
3422 0
3433 0
3444 0
3456 0
3467 0
3478 0
3489 0
3500 0
3511 0
3522 0
3533 0
3544 0
3555 0
3566 0
3577 0
3588 0
3599 0
3610 0
3621 0
3632 0
3643 0
3654 0
3665 0
3676 0
3687 0
3698 0
3709 0
3720 0
3731 0
3742 0
3753 0
3764 0
3775 0
3786 0
3798 0
3809 0
3820 0
3831 0
3842 0
3853 0
3864 0
3875 0
3886 0
3897 0
3908 0
3919 0
3930 0
3941 0
3952 0
3963 0
3974 0
3985 0
3996 0
4007 -1
4018 0
4029 -1
4040 0
4051 -1
4062 0
4073 0
4084 0
4096 0
4107 0
4118 0
4129 0
4140 0
4151 0
4162 0
4173 0
4184 0
4195 0
4206 0
4217 0
4228 0
4239 0
4250 0
4261 0
4272 0
4283 0
4294 0
4305 0
4316 0
4327 0
4338 0
4349 0
4360 0
4371 0
4382 0
4393 0
4404 0
4415 0
4426 -1
4438 0
4449 -1
4460 -1
4471 -1
4482 -1
4493 -1
4504 -1
4515 0
4526 0
4537 0
4548 0
4559 0
4570 0
4581 0
4592 0
4603 -1
4614 -3
4625 -7
4636 -13
4647 -22
4658 -33
4669 -45
4680 -58
4691 -70
4702 -84
4713 -98
4724 -114
4736 -130
4747 -148
4758 -186
4769 -205
4780 -223
4791 -239
4802 -253
4813 -265
4824 -274
4835 -284
4846 -294
4857 -306
4868 -317
4879 -325
4890 -333
4901 -343
4912 -354
4923 -366
4934 -377
4945 -389
4956 -402
4967 -411
4978 -417
4989 -420
5000 -421
5011 -421
5022 -420
5033 -416
5044 -407
5055 -395
5066 -384
5078 -362
5089 -344
5100 -324
5111 -302
5122 -280
5133 -257
5144 -235
5155 -217
5166 -205
5177 -197
5188 -195
5199 -195
5210 -201
5221 -212
5232 -229
5243 -250
5254 -279
5265 -312
5276 -345
5287 -380
5298 -415
5309 -451
5320 -487
5331 -524
5342 -561
5353 -595
5364 -622
5376 -642
5387 -657
5398 -657
5409 -656
5420 -652
5431 -642
5442 -627
5453 -609
5464 -590
5475 -569
5486 -547
5497 -524
5508 -502
5519 -481
5530 -461
5541 -443
5552 -430
5563 -421
5574 -414
5585 -408
5596 -401
5607 -393
5618 -387
5629 -380
5640 -374
5651 -366
5662 -358
5673 -350
5684 -340
5695 -328
5706 -300
5718 -284
5729 -267
5740 -248
5751 -228
5762 -211
5773 -197
5784 -188
5795 -186
5806 -186
5817 -189
5828 -196
5839 -208
5850 -223
5861 -242
5872 -266
5883 -293
5894 -324
5905 -356
5916 -390
5927 -425
5938 -463
5949 -499
5960 -535
5971 -566
5982 -593
5993 -617
6004 -653
6016 -668
6027 -678
6038 -684
6049 -684
6060 -684
6071 -678
6082 -670
6093 -660
6104 -646
6115 -630
6126 -614
6137 -596
6148 -576
6159 -556
6170 -537
6181 -520
6192 -505
6203 -489
6214 -472
6225 -455
6236 -442
6247 -434
6258 -430
6269 -430
6280 -430
6291 -433
6302 -435
6313 -440
6324 -442
6335 -443
6346 -442
6358 -441
6369 -437
6380 -432
6391 -428
6402 -425
6413 -424
6424 -425
6435 -423
6446 -420
6457 -412
6468 -404
6479 -396
6490 -390
6501 -385
6512 -382
6523 -381
6534 -378
6545 -377
6556 -376
6567 -376
6578 -376
6589 -377
6600 -377
6611 -377
6622 -377
6633 -375
6644 -376
6656 -378
6667 -379
6678 -379
6689 -378
6700 -378
6711 -377
6722 -378
6733 -378
6744 -379
6755 -378
6766 -378
6777 -378
6788 -378
6799 -377
6810 -377
6821 -378
6832 -378
6843 -378
6854 -377
6865 -378
6876 -378
6887 -379
6898 -378
6909 -378
6920 -378
6931 -378
6942 -378
6953 -378
6964 -378
6975 -378
6986 -378
6998 -378
7009 -378
7020 -378
7031 -377
7042 -378
7053 -377
7064 -378
7075 -377
7086 -378
7097 -377
7108 -378
7119 -377
7130 -377
7141 -377
7152 -377
7163 -377
7174 -377
7185 -378
7196 -379
7207 -383
7218 -391
7229 -398
7240 -400
7251 -399
7262 -397
7273 -393
7284 -387
7296 -379
7307 -369
7318 -357
7329 -342
7340 -326
7351 -308
7362 -289
7373 -268
7384 -246
7395 -220
7406 -201
7417 -192
7428 -191
7439 -191
7450 -196
7461 -204
7472 -218
7483 -234
7494 -256
7505 -283
7516 -312
7527 -343
7538 -410
7549 -442
7560 -471
7571 -497
7582 -519
7593 -533
7604 -541
7615 -544
7626 -544
7638 -544
7649 -541
7660 -535
7671 -524
7682 -507
7693 -489
7704 -472
7715 -456
7726 -440
7737 -428
7748 -418
7759 -411
7770 -405
7781 -401
7792 -400
7803 -400
7814 -401
7825 -404
7836 -408
7847 -424
7858 -437
7869 -453
7880 -470
7891 -488
7902 -503
7913 -517
7924 -528
7936 -535
7947 -538
7958 -538
7969 -537
7980 -532
7991 -523
8002 -514
8013 -504
8024 -495
8035 -483
8046 -471
8057 -455
8068 -440
8079 -422
8090 -405
8101 -390
8112 -376
8123 -365
8134 -357
8145 -350
8156 -350
8167 -348
8178 -349
8189 -347
8200 -346
8211 -345
8222 -345
8233 -345
8244 -348
8255 -354
8266 -356
8278 -354
8289 -352
8300 -347
8311 -340
8322 -332
8333 -323
8344 -312
8355 -301
8366 -291
8377 -282
8388 -279
8399 -279
8410 -283
8421 -286
8432 -287
8443 -288
8454 -288
8465 -307
8476 -322
8487 -340
8498 -359
8509 -382
8520 -406
8531 -430
8542 -455
8553 -477
8564 -493
8576 -505
8587 -513
8598 -519
8609 -523
8620 -525
8631 -525
8642 -524
8653 -522
8664 -519
8675 -514
8686 -508
8697 -499
8708 -489
8719 -477
8730 -465
8741 -453
8752 -443
8763 -433
8774 -415
8785 -406
8796 -398
8807 -389
8818 -382
8829 -377
8840 -375
8851 -375
8862 -376
8873 -380
8884 -386
8895 -392
8906 -400
8918 -409
8929 -417
8940 -427
8951 -436
8962 -444
8973 -451
8984 -457
8995 -461
9006 -464
9017 -466
9028 -467
9039 -466
9050 -463
9061 -456
9072 -441
9083 -433
9094 -423
9105 -413
9116 -402
9127 -391
9138 -383
9149 -376
9160 -370
9171 -366
9182 -363
9193 -359
9204 -357
9216 -355
9227 -355
9238 -355
9249 -356
9260 -359
9271 -361
9282 -363
9293 -364
9304 -365
9315 -366
9326 -367
9337 -367
9348 -368
9359 -367
9370 -366
9381 -367
9392 -366
9403 -365
9414 -363
9425 -361
9436 -358
9447 -356
9458 -354
9469 -352
9480 -351
9491 -350
9502 -350
9513 -349
9524 -349
9535 -349
9546 -350
9558 -349
9569 -349
9580 -349
9591 -349
9602 -349
9613 -349
9624 -349
9635 -349
9646 -350
9657 -349
9668 -350
9679 -350
9690 -350
9701 -350
9712 -349
9723 -349
9734 -348
9745 -348
9756 -348
9767 -348
9778 -349
9789 -348
9800 -349
9811 -348
9822 -348
9833 -348
9844 -348
9856 -347
9867 -348
9878 -348
9889 -348
9900 -348
9911 -348
9922 -349
9933 -349
9944 -349
9955 -349
9966 -349
9977 -349
9988 -349
9999 -349
10010 -349
10021 -349
10032 -349
10043 -350
10054 -349
10065 -350
10076 -350
10087 -349
10098 -350
10109 -350
10120 -350
10131 -349
10142 -350
10153 -349
10164 -350
10175 -349
10186 -350
10198 -349
10209 -349
10220 -349
10231 -349
10242 -349
10253 -349
10264 -349
10275 -348
10286 -349
10297 -348
10308 -348
10319 -349
10330 -348
10341 -349
10352 -349
10363 -349
10374 -349
10385 -350
10396 -350
10407 -349
10418 -350
10429 -349
10440 -349
10451 -349
10462 -350
10473 -349
10484 -350
10496 -349
10507 -350
10518 -349
10529 -349
10540 -349
10551 -349
10562 -349
10573 -348
10584 -348
10595 -348
10606 -348
10617 -348
10628 -348
10639 -349
10650 -348
10661 -349
10672 -348
10683 -349
10694 -348
10705 -349
10716 -348
10727 -348
10738 -349
10749 -348
10760 -349
10771 -348
10782 -349
10793 -348
10804 -349
10815 -348
10826 -349
10838 -348
10849 -348
10860 -348
10871 -348
10882 -348
10893 -348
10904 -348
10915 -348
10926 -348
10937 -348
10948 -347
10959 -348
10970 -347
10981 -348
10992 -348
11003 -348
11014 -348
11025 -348
11036 -348
11047 -348
11058 -348
11069 -347
11080 -348
11091 -347
11102 -348
11113 -347
11124 -348
11136 -347
11147 -348
11158 -348
11169 -349
11180 -348
11191 -348
11202 -348
11213 -348
11224 -348
11235 -349
11246 -348
11257 -349
11268 -348
11279 -349
11290 -348
11301 -349
11312 -348
11323 -349
11334 -348
11345 -348
11356 -348
11367 -348
11378 -348
11389 -348
11400 -348
11411 -348
11422 -348
11433 -347
11444 -348
11455 -347
11466 -348
11478 -347
11489 -348
11500 -348
11511 -348
11522 -348
11533 -348
11544 -348
11555 -348
11566 -348
11577 -348
11588 -348
11599 -348
11610 -348
11621 -348
11632 -348
11643 -348
11654 -348
11665 -348
11676 -348
11687 -348
11698 -348
11709 -348
11720 -348
11731 -347
11742 -348
11753 -347
11764 -348
11776 -347
11787 -348
11798 -347
11809 -348
11820 -347
11831 -347
11842 -348
11853 -348
11864 -348
11875 -348
11886 -348
11897 -348
11908 -348
11919 -349
11930 -348
11941 -349
11952 -348
11963 -349
11974 -348
11985 -349
11996 -348
12007 -349
12018 -348
12029 -348
12040 -348
12051 -348
12062 -348
12073 -347
12084 -348
12095 -347
12106 -348
12118 -348
12129 -348
12140 -348
12151 -348
12162 -348
12173 -347
12184 -348
12195 -348
12206 -348
12217 -348
12228 -347
12239 -348
12250 -348
12261 -349
12272 -348
12283 -349
12294 -348
12305 -348
12316 -348
12327 -348
12338 -348
12349 -348
12360 -348
12371 -348
12382 -348
12393 -347
12404 -348
12416 -347
12427 -348
12438 -348
12449 -347
12460 -348
12471 -347
12482 -347
12493 -347
12504 -348
12515 -347
12526 -347
12537 -347
12548 -347
12559 -347
12570 -347
12581 -347
12592 -347
12603 -348
12614 -347
12625 -347
12636 -347
12647 -347
12658 -347
12669 -347
12680 -347
12691 -347
12702 -347
12713 -347
12724 -347
12735 -347
12746 -348
12758 -348
12769 -347
12780 -348
12791 -347
12802 -348
12813 -348
12824 -348
12835 -348
12846 -348
12857 -348
12868 -348
12879 -348
12890 -348
12901 -348
12912 -348
12923 -348
12934 -347
12945 -348
12956 -347
12967 -348
12978 -347
12989 -347
13000 -347
13011 -347
13022 -347
13033 -347
13044 -347
13056 -347
13067 -347
13078 -348
13089 -347
13100 -348
13111 -347
13122 -348
13133 -347
13144 -348
13155 -348
13166 -348
13177 -348
13188 -348
13199 -348
13210 -348
13221 -348
13232 -347
13243 -348
13254 -347
13265 -348
13276 -347
13287 -348
13298 -347
13309 -348
13320 -347
13331 -347
13342 -347
13353 -347
13364 -347
13375 -347
13386 -347
13398 -347
13409 -347
13420 -347
13431 -347
13442 -348
13453 -347
13464 -347
13475 -347
13486 -347
13497 -347
13508 -347
13519 -347
13530 -347
13541 -347
13552 -347
13563 -347
13574 -347
13585 -347
13596 -347
13607 -347
13618 -347
13629 -347
13640 -347
13651 -347
13662 -347
13673 -347
13684 -347
13696 -348
13707 -347
13718 -348
13729 -347
13740 -348
13751 -347
13762 -347
13773 -347
13784 -347
13795 -347
13806 -347
13817 -347
13828 -347
13839 -347
13850 -347
13861 -347
13872 -346
13883 -347
13894 -346
13905 -347
13916 -346
13927 -347
13938 -346
13949 -347
13960 -347
13971 -347
13982 -347
13993 -347
14004 -347
14015 -347
14026 -347
14038 -348
14049 -347
14060 -348
14071 -347
14082 -348
14093 -347
14104 -348
14115 -347
14126 -348
14137 -347
14148 -347
14159 -348
14170 -348
14181 -348
14192 -347
14203 -348
14214 -347
14225 -348
14236 -347
14247 -348
14258 -348
14269 -348
14280 -348
14291 -347
14302 -347
14313 -348
14324 -347
14336 -348
14347 -347
14358 -348
14369 -347
14380 -348
14391 -347
14402 -348
14413 -347
14424 -347
14435 -347
14446 -347
14457 -347
14468 -347
14479 -347
14490 -347
14501 -347
14512 -347
14523 -347
14534 -347
14545 -347
14556 -347
14567 -347
14578 -347
14589 -347
14600 -346
14611 -347
14622 -347
14633 -347
14644 -347
14655 -347
14666 -347
14678 -348
14689 -347
14700 -347
14711 -347
14722 -347
14733 -347
