181567 295
181578 295
181590 294
181601 295
18681512 295
181523 295
181534 295
181545 295
181556 295
181567 295
181578 295
181590 294
181601 295
2599 0
2610 0
2621 0
2632 0
2643 0
2654 0
2665 -1
2676 -1
2688 -1
2699 -1
2710 -1
2721 -1
2732 -1
2743 -1
2754 -1
2765 -1
2776 -1
2787 -1
2798 -1
2809 -1
2820 -1
2831 -1
2842 -1
2853 -2
2864 -1
2875 -1
2886 -1
2897 -1
2908 -1
2919 -1
2930 -1
2941 -1
2952 -1
2963 -1
2974 -1
2985 -1
2996 -1
3007 -2
3018 -1
3030 -2
3041 -1
3052 -2
3063 -1
3074 -2
3085 -1
3096 -2
3107 -1
3118 -2
3129 -1
3140 -1
3151 -1
3162 -1
3173 -1
3184 -1
3195 -1
3206 -1
3217 -1
3228 -1
3239 0
3250 -1
3261 0
3272 -1
3283 -1
3294 -1
3305 -1
3316 -1
3328 -1
3339 -1
3350 -1
3361 -1
3372 -2
3383 -1
3394 -2
3405 -1
3416 -2
3427 -1
3438 -1
3449 -1
3460 -1
3471 -1
3482 -1
3493 -1
3504 -1
3515 -2
3526 -2
3537 -1
3548 -1
3559 0
3570 -1
3581 0
3592 -1
3603 0
3614 -1
3625 -1
3636 -1
3647 0
3658 0
3670 -1
3681 0
3692 -1
3703 0
3714 -1
3725 0
3736 -1
3747 0
3758 -1
3769 0
3780 0
3791 0
3802 -1
3813 -1
3824 -1
3835 -1
3846 -1
3857 -1
3868 -1
3879 0
3890 -1
3901 0
3912 -1
3923 0
3934 -1
3945 -1
3956 -1
3968 -1
3979 -1
3990 -1
4001 -1
4012 -1
4023 -1
4034 -1
4045 -1
4056 -1
4067 -1
4078 -1
4089 -1
4100 -2
4111 -1
4122 -1
4133 -2
4144 -2
4155 -2
4166 -2
4177 -1
4188 -2
4199 -1
4210 -2
4221 -1
4232 -2
4243 -1
4254 -2
4265 -2
4276 -2
4287 -2
4298 -2
4310 -2
4321 -1
4332 -2
4343 -1
4354 -1
4365 -1
4376 -1
4387 0
4398 -1
4409 0
4420 0
4431 0
4442 0
4453 0
4464 0
4475 0
4486 0
4497 0
4508 0
4519 0
4530 0
4541 0
4552 0
4563 0
4574 0
4585 0
4596 -1
4608 -1
4619 -1
4630 -1
4641 -1
4652 -1
4663 0
4674 -1
4685 0
4696 -1
4707 0
4718 -1
4729 0
4740 -1
4751 -1
4762 -1
4773 -1
4784 -1
4795 -1
4806 -1
4817 0
4828 -1
4839 0
4850 -1
4861 0
4872 -1
4883 0
4894 -1
4905 -1
4916 -1
4927 -1
4938 -1
4950 -1
4961 -1
4972 -1
4983 -1
4994 -1
5005 -1
5016 -1
5027 -1
5038 -1
5049 -1
5060 -1
5071 -1
5082 -1
5093 -1
5104 -1
5115 -1
5126 -1
5137 -1
5148 -1
5159 -1
5170 -1
5181 -1
5192 -1
5203 0
5214 -1
5225 0
5236 -1
5248 -1
5259 -1
5270 -1
5281 -1
5292 -1
5303 -1
5314 -1
5325 -1
5336 -2
5347 -1
5358 -1
5369 -2
5380 -1
5391 -2
5402 -1
5413 -2
5424 -1
5435 -1
5446 -1
5457 -1
5468 -1
5479 -1
5490 -1
5501 -1
5512 -1
5523 0
5534 -1
5545 0
5556 -1
5567 0
5578 -1
5590 0
5601 -1
5612 0
5623 0
5634 0
5645 0
5656 0
5667 0
5678 0
5689 0
5700 0
5711 0
5722 0
5733 0
5744 0
5755 0
5766 0
5777 0
5788 0
5799 0
5810 0
5821 0
5832 -1
5843 0
5854 -1
5865 -1
5876 -1
5888 0
5899 -1
5910 0
5921 -1
5932 -1
5943 -1
5954 -1
5965 -1
5976 -1
5987 -1
5998 -1
6009 -1
6020 -1
6031 -1
6042 0
6053 -1
6064 0
6075 -1
6086 0
6097 0
6108 0
6119 0
6130 0
6141 0
6152 -1
6163 0
6174 -1
6185 0
6196 -1
6207 0
6218 -1
6230 -1
6241 -1
6252 -1
6263 -1
6274 -1
6285 -1
6296 -1
6307 -1
6318 -1
6329 -2
6340 -1
6351 -1
6362 -1
6373 -1
6384 -1
6395 -1
6406 -1
6417 -1
6428 -1
6439 -1
6450 -1
6461 -1
6472 -2
6483 -1
6494 -1
6505 -1
6516 -1
6528 -1
6539 -1
6550 -1
6561 -1
6572 -1
6583 -1
6594 0
6605 -1
6616 0
6627 -1
6638 0
6649 -1
6660 0
6671 -1
6682 0
6693 -1
6704 0
6715 -1
6726 0
6737 0
6748 0
6759 0
6770 0
6781 0
6792 0
6803 0
6814 -1
6825 0
6836 -1
6847 0
6858 -1
6870 0
6881 0
6892 -1
6903 0
6914 -1
6925 -1
6936 -1
6947 -1
6958 -1
6969 -2
6980 -1
6991 -2
7002 -1
7013 -2
7024 -1
7035 -2
7046 -1
7057 -2
7068 -1
7079 -2
7090 -2
7101 -2
7112 -2
7123 -1
7134 -2
7145 -1
7156 -2
7168 -1
7179 -2
7190 -2
7201 -1
7212 -1
7223 -1
7234 -1
7245 -1
7256 -1
7267 -1
7278 -1
7289 -1
7300 -1
7311 -1
7322 -1
7333 -1
7344 0
7355 -1
7366 0
7377 -1
7388 -1
7399 -1
7410 -1
7421 -1
7432 -1
7443 -1
7454 -1
7465 -1
7476 -1
7487 0
7498 -1
7510 -1
7521 -1
7532 -1
7543 -1
7554 -1
7565 -1
7576 -1
7587 -1
7598 -1
7609 -1
7620 -1
7631 -1
7642 -1
7653 -1
7664 -1
7675 -2
7686 -1
7697 -2
7708 -1
7719 -1
7730 -1
7741 -1
7752 0
7763 0
7774 -1
7785 0
7796 -1
7808 -1
7819 -1
7830 -1
7841 -1
7852 -1
7863 -1
7874 -1
7885 -1
7896 -1
7907 -1
7918 -1
7929 -1
7940 -1
7951 -2
7962 -1
7973 -2
7984 -1
7995 -1
8006 -1
8017 -1
8028 -1
8039 -1
8050 0
8061 -1
8072 -1
8083 -1
8094 -1
8105 -1
8116 -1
8127 -1
8138 -1
8150 -2
8161 -1
8172 -1
8183 -1
8194 -1
8205 -1
8216 -1
8227 -1
8238 -1
8249 -1
8260 -1
8271 -2
8282 -1
8293 -2
8304 -1
8315 -1
8326 -1
8337 -1
8348 -1
8359 -1
8370 -1
8381 -1
8392 -1
8403 -1
8414 -1
8425 -1
8436 -1
8448 -2
8459 -1
8470 -2
8481 -1
8492 -2
8503 -1
8514 -2
8525 -1
8536 -1
8547 -1
8558 -1
8569 -1
8580 -1
8591 -1
8602 -1
8613 -1
8624 0
8635 -1
8646 0
8657 -1
8668 0
8679 -1
8690 0
8701 0
8712 0
8723 0
8734 0
8745 -1
8756 0
8767 -1
8778 0
8790 -1
8801 -1
8812 -2
8823 -1
8834 -1
8845 -1
8856 -1
8867 -1
8878 -1
8889 -1
8900 -1
8911 -1
8922 -1
8933 -1
8944 -1
8955 -1
8966 0
8977 -1
8988 0
8999 -1
9010 0
9021 -1
9032 0
9043 0
9054 0
9065 -1
9076 0
9088 -1
9099 0
9110 -1
9121 0
9132 -1
9143 0
9154 -1
9165 0
9176 -1
9187 -1
9198 -1
9209 -1
9220 -1
9231 -1
9242 -1
9253 -1
9264 0
9275 -1
9286 0
9297 -1
9308 0
9319 -1
9330 -1
9341 -1
9352 -2
9363 -1
9374 -1
9385 -1
9396 -1
9407 -1
9418 -1
9430 -1
9441 0
9452 -1
9463 -1
9474 -1
9485 -1
9496 -1
9507 -1
9518 -1
9529 -1
9540 -1
9551 -1
9562 -1
9573 -1
9584 -1
9595 -1
9606 -1
9617 -2
9628 -1
9639 -1
9650 -1
9661 -1
9672 -2
9683 -1
9694 -1
9705 -1
9716 -1
9728 -1
9739 -1
9750 -2
9761 -1
9772 -2
9783 -1
9794 -2
9805 -1
9816 -2
9827 -1
9838 -2
9849 -1
9860 -1
9871 -1
9882 -1
9893 -1
9904 -1
9915 -2
9926 -1
9937 -1
9948 -1
9959 0
9970 -1
9981 0
9992 -1
10003 0
10014 0
10025 0
10036 0
10047 0
10058 0
10070 0
10081 0
10092 0
10103 0
10114 -1
10125 0
10136 -1
10147 0
10158 -1
10169 0
10180 -1
10191 -1
10202 -1
10213 -1
10224 -1
