2600 0
2611 0
2622 0
2633 0
2644 0
2655 0
2666 0
2677 0
2688 0
2699 0
2710 0
2721 0
2732 0
2743 0
2754 0
2765 0
2776 0
2787 0
2798 0
2809 0
2820 0
2831 0
2842 0
2853 0
2864 0
2875 0
2886 0
2897 0
2908 0
2919 0
2930 0
2941 0
2952 0
2963 0
2974 0
2985 0
2996 0
3007 0
3018 0
3030 0
3041 0
3052 0
3063 0
3074 0
3085 0
3096 0
3107 0
3118 0
3129 0
3140 0
3151 0
3162 0
3173 0
3184 0
3195 0
3206 0
3217 0
3228 0
3239 0
3250 0
3261 0
3272 0
3283 0
3294 0
3305 0
3316 0
3328 0
3339 0
3350 -1
3361 -1
3372 -1
3383 -1
3394 -2
3405 -2
3416 -2
3427 -3
3438 -3
3449 -4
3460 -4
3471 -5
3482 -5
3493 -6
3504 -6
3515 -7
3526 -8
3537 -9
3548 -9
3559 -11
3570 -11
3581 -12
3592 -13
3603 -14
3614 -15
3625 -16
3636 -17
3647 -17
3658 -18
3670 -19
3681 -20
3692 -21
3703 -22
3714 -22
3725 -23
3736 -24
3747 -25
3758 -26
3769 -26
3780 -27
3791 -28
3802 -29
3813 -30
3824 -30
3835 -31
3846 -32
3857 -33
3868 -34
3879 -35
3890 -35
3901 -36
3912 -36
3923 -37
3934 -37
3945 -38
3956 -38
3968 -39
3979 -39
3990 -39
4001 -40
4012 -40
4023 -40
4034 -40
4045 -41
4056 -41
4067 -41
4078 -41
4089 -41
4100 -41
4111 -42
4122 -42
4133 -42
4144 -42
4155 -42
4166 -42
4177 -42
4188 -42
4199 -42
4210 -42
4221 -42
4232 -42
4243 -42
4254 -42
4265 -42
4276 -42
4287 -43
4298 -43
4310 -43
4321 -43
4332 -43
4343 -44
4354 -44
4365 -44
4376 -44
4387 -44
4398 -44
4409 -44
4420 -44
4431 -44
4442 -45
4453 -45
4464 -44
4475 -44
4486 -44
4497 -44
4508 -44
4519 -44
4530 -44
4541 -44
4552 -44
4563 -44
4574 -45
4585 -45
4596 -45
4608 -45
4619 -45
4630 -45
4641 -45
4652 -45
4663 -45
4674 -45
4685 -45
4696 -45
4707 -45
4718 -45
4729 -46
4740 -46
4751 -46
4762 -46
4773 -46
4784 -46
4795 -46
4806 -46
4817 -46
4828 -46
4839 -46
4850 -46
4861 -46
4872 -46
4883 -46
4894 -46
4905 -46
4916 -46
4927 -46
4938 -46
4950 -46
4961 -46
4972 -46
4983 -45
4994 -45
5005 -45
5016 -45
5027 -45
5038 -45
5049 -44
5060 -44
5071 -44
5082 -44
5093 -44
5104 -44
5115 -43
5126 -43
5137 -43
5148 -43
5159 -43
5170 -43
5181 -43
5192 -43
5203 -43
5214 -43
5225 -43
5236 -43
5248 -43
5259 -43
5270 -43
5281 -43
5292 -43
5303 -43
5314 -43
5325 -43
5336 -42
5347 -42
5358 -42
5369 -42
5380 -42
5391 -42
5402 -42
5413 -42
5424 -42
5435 -42
5446 -42
5457 -42
5468 -42
5479 -42
5490 -42
5501 -42
5512 -42
5523 -41
5534 -41
5545 -41
5556 -40
5567 -40
5578 -39
5590 -39
5601 -39
5612 -38
5623 -38
5634 -38
5645 -37
5656 -37
5667 -37
5678 -37
5689 -36
5700 -36
5711 -36
5722 -36
5733 -36
5744 -35
5755 -35
5766 -35
5777 -35
5788 -35
5799 -35
5810 -35
5821 -35
5832 -34
5843 -34
5854 -34
5865 -34
5876 -34
5888 -34
5899 -34
5910 -34
5921 -33
5932 -33
5943 -33
5954 -32
5965 -32
5976 -31
5987 -30
5998 -30
6009 -29
6020 -29
6031 -29
6042 -30
6053 -32
6064 -37
6075 -45
6086 -55
6097 -67
6108 -79
6119 -91
6130 -102
6141 -111
6152 -118
6163 -124
6174 -128
6185 -130
6196 -131
6207 -131
6218 -131
6230 -130
6241 -126
6252 -120
6263 -110
6274 -99
6285 -86
6296 -72
6307 -47
6318 -47
6329 -28
6340 -22
6351 -16
6362 -12
6373 -9
6384 -7
6395 -5
6406 -4
6417 -3
6428 -2
6439 -1
6450 0
6461 0
6472 0
6483 1
6494 1
6505 2
6516 2
6528 2
6539 3
6550 3
6561 3
6572 3
6583 3
6594 3
6605 3
6616 3
6627 3
6638 2
6649 2
6660 2
6671 2
6682 2
6693 2
6704 2
6715 2
6726 2
6737 2
6748 2
6759 2
6770 2
6781 2
6792 2
6803 2
6814 2
6825 2
6836 2
6847 2
6858 2
6870 2
6881 2
6892 2
6903 2
6914 2
6925 2
6936 2
6947 2
6958 2
6969 2
6980 2
6991 2
7002 2
7013 2
7024 2
7035 2
7046 2
7057 2
7068 2
7079 2
7090 2
7101 2
7112 2
7123 2
7134 2
7145 2
7156 2
7168 2
7179 2
7190 2
7201 2
7212 2
7223 2
7234 2
7245 2
7256 2
7267 2
7278 2
7289 2
7300 2
7311 2
7322 2
7333 2
7344 2
7355 2
7366 2
7377 2
7388 2
7399 2
7410 2
7421 2
7432 2
7443 2
7454 2
7465 2
7476 2
7487 2
7498 2
7510 2
7521 2
7532 2
7543 2
7554 2
7565 2
7576 2
7587 2
7598 2
7609 2
7620 2
7631 2
7642 2
7653 2
7664 2
7675 2
7686 2
7697 2
7708 2
7719 2
7730 2
7741 2
7752 2
7763 2
7774 2
7785 2
7796 2
7808 2
7819 2
7830 2
7841 2
7852 2
7863 2
7874 2
7885 2
7896 2
7907 2
7918 2
7929 2
7940 2
7951 2
7962 2
7973 2
7984 2
7995 2
8006 2
8017 2
8028 2
8039 2
8050 2
8061 2
8072 2
8083 2
8094 2
8105 2
8116 2
8127 2
8138 2
8150 2
8161 2
8172 2
8183 2
8194 2
8205 2
8216 2
8227 2
8238 2
8249 2
8260 2
8271 2
8282 2
8293 2
8304 2
8315 2
8326 2
8337 2
8348 2
8359 2
8370 2
8381 2
8392 2
8403 2
8414 2
8425 2
8436 2
8448 2
8459 2
8470 2
8481 2
8492 2
8503 2
8514 2
8525 2
8536 2
8547 2
8558 2
8569 2
8580 2
8591 2
8602 2
8613 2
8624 2
8635 2
8646 2
8657 2
8668 2
8679 2
8690 2
8701 2
8712 2
8723 2
8734 2
8745 2
8756 2
8767 2
8778 2
8790 2
8801 2
8812 2
8823 2
8834 2
8845 2
8856 2
8867 2
8878 2
8889 2
8900 2
8911 2
8922 2
8933 2
8944 2
8955 2
8966 2
8977 2
8988 2
8999 2
9010 2
9021 2
9032 2
9043 2
9054 2
9065 2
9076 2
9088 2
9099 2
9110 2
9121 2
9132 2
9143 2
9154 2
9165 2
9176 2
9187 2
9198 2
9209 2
9220 2
9231 2
9242 2
9253 2
9264 2
9275 2
9286 2
9297 2
9308 2
9319 2
9330 2
9341 2
9352 2
9363 2
9374 2
9385 2
9396 2
9407 2
9418 2
9430 2
9441 2
9452 2
9463 2
9474 2
9485 2
9496 2
9507 2
9518 2
9529 2
9540 2
9551 2
9562 2
9573 2
9584 2
9595 2
9606 2
9617 2
9628 2
9639 2
9650 2
9661 2
9672 2
9683 2
9694 2
9705 2
9716 2
9728 2
9739 2
9750 2
9761 2
9772 2
9783 2
9794 2
9805 2
9816 2
