2601 0
2612 0
2623 0
2634 0
2646 0
2657 0
2668 0
2679 0
2690 0
2701 0
2712 0
2723 0
2734 0
2745 0
2756 0
2767 0
2778 0
2789 0
2800 0
2811 0
2822 0
2833 0
2844 0
2855 0
2866 0
2877 0
2888 0
2899 0
2910 0
2921 0
2932 0
2944 0
2955 0
2966 0
2977 0
2988 0
2999 0
3010 0
3021 0
3032 0
3043 0
3054 0
3065 0
3076 0
3087 0
3098 0
3109 0
3120 0
3131 0
3142 0
3153 0
3164 0
3175 0
3186 0
3197 0
3208 0
3219 0
3230 0
3241 0
3252 0
3263 0
3274 0
3286 0
3297 0
3308 0
3319 0
3330 0
3341 0
3352 0
3363 0
3374 0
3385 0
3396 0
3407 0
3418 0
3429 0
3440 0
3451 0
3462 0
3473 0
3484 0
3495 0
3506 0
3517 0
3528 0
3539 0
3550 0
3561 0
3572 0
3584 0
3595 0
3606 0
3617 0
3628 0
3639 0
3650 0
3661 0
3672 0
3683 0
3694 0
3705 0
3716 0
3727 0
3738 0
3749 0
3760 0
3771 0
3782 0
3793 0
3804 0
3815 0
3826 0
3837 0
3848 0
3859 0
3870 0
3881 0
3892 0
3903 0
3914 0
3926 0
3937 0
3948 0
3959 0
3970 0
3981 0
3992 0
4003 0
4014 0
4025 0
4036 0
4047 0
4058 0
4069 0
4080 0
4091 -1
4102 -1
4113 -1
4124 -1
4135 -1
4146 -1
4157 -1
4168 -1
4179 -1
4190 -1
4201 -1
4212 -1
4224 -1
4235 -1
4246 -1
4257 -1
4268 -1
4279 -1
4290 -1
4301 -1
4312 -1
4323 -1
4334 -1
4345 -1
4356 -1
4367 -1
4378 -1
4389 -1
4400 -1
4411 -1
4422 -1
4433 -2
4444 -2
4455 -2
4466 -2
4477 -2
4488 -2
4499 -2
4510 -2
4521 -2
4532 -2
4543 -2
4554 -2
4566 -2
4577 -2
4588 -2
4599 -2
4610 -2
4621 -2
4632 -2
4643 -2
4654 -2
4665 -2
4676 -3
4687 -3
4698 -3
4709 -3
4720 -4
4731 -5
4742 -5
4753 -6
4764 -6
4775 -7
4786 -8
4797 -8
4808 -9
4819 -9
4830 -10
4841 -11
4852 -11
4864 -12
4875 -12
4886 -12
4897 -12
4908 -12
4919 -12
4930 -12
4941 -12
4952 -12
4963 -12
4974 -12
4985 -12
4996 -13
5007 -13
5018 -13
5029 -13
5040 -13
5051 -13
5062 -14
5073 -14
5084 -14
5095 -15
5106 -15
5117 -15
5128 -16
5139 -16
5150 -16
5161 -17
5172 -17
5183 -17
5194 -18
5206 -18
5217 -19
5228 -19
5239 -19
5250 -19
5261 -20
5272 -20
5283 -20
5294 -21
5305 -21
5316 -21
5327 -22
5338 -22
5349 -23
5360 -24
5371 -25
5382 -26
5393 -27
5404 -28
5415 -29
5426 -31
5437 -33
5448 -34
5459 -36
5470 -38
5481 -39
5492 -41
5504 -43
5515 -45
5526 -46
5537 -48
5548 -49
5559 -51
5570 -52
5581 -54
5592 -55
5603 -56
5614 -58
5625 -59
5636 -60
5647 -61
5658 -64
5669 -65
5680 -66
5691 -67
5702 -68
5713 -69
5724 -70
5735 -71
5746 -73
5757 -74
5768 -75
5779 -76
5790 -77
5801 -77
5812 -78
5823 -79
5834 -80
5846 -81
5857 -81
5868 -82
5879 -83
5890 -83
5901 -84
5912 -85
5923 -85
5934 -86
5945 -86
5956 -86
5967 -87
5978 -87
5989 -88
6000 -88
6011 -88
6022 -88
6033 -89
6044 -89
6055 -89
6066 -89
6077 -89
6088 -90
6099 -90
6110 -90
6121 -90
6132 -90
6144 -90
6155 -90
6166 -91
6177 -91
6188 -91
6199 -91
6210 -91
6221 -91
6232 -91
6243 -90
6254 -90
6265 -89
6276 -89
6287 -88
6298 -87
6309 -86
6320 -85
6331 -84
6342 -82
6353 -81
6364 -79
6375 -78
6386 -76
6397 -76
6408 -76
6419 -77
6430 -81
6441 -85
6452 -92
6463 -100
6474 -110
6486 -121
6497 -134
6508 -148
6519 -162
6530 -176
6541 -189
6552 -202
6563 -214
6574 -225
6585 -234
6596 -242
6607 -242
6618 -241
6629 -236
6640 -228
6651 -218
6662 -204
6673 -189
6684 -172
6695 -154
6706 -136
6717 -119
6728 -103
6739 -88
6750 -74
6761 -61
6772 -49
6784 -40
6795 -32
6806 -26
6817 -21
6828 -18
6839 -16
6850 -15
6861 -15
6872 -14
6883 -14
6894 -14
6905 -13
6916 -13
6927 -13
6938 -12
6949 -12
6960 -11
6971 -10
6982 -9
6993 -8
7004 -7
7015 -7
7026 -6
7037 -6
7048 -5
7059 -5
7070 -5
7081 -5
7092 -4
7103 -4
7114 -4
7126 -4
7137 -4
7148 -4
7159 -4
7170 -3
7181 -3
7192 -3
7203 -3
7214 -3
7225 -3
7236 -3
7247 -3
7258 -3
7269 -3
7280 -3
7291 -3
7302 -3
7313 -3
7324 -3
7335 -3
7346 -3
7357 -3
7368 -3
7379 -3
7390 -3
7401 -3
7412 -3
7424 -3
7435 -3
7446 -3
7457 -3
7468 -3
7479 -3
7490 -3
7501 -3
7512 -3
7523 -3
7534 -3
7545 -3
7556 -3
7567 -3
7578 -3
7589 -3
7600 -3
7611 -3
7622 -3
7633 -3
7644 -3
7655 -3
7666 -3
7677 -3
7688 -3
7699 -3
7710 -3
7721 -3
7732 -3
7743 -3
7754 -3
7766 -3
7777 -3
7788 -3
7799 -3
7810 -3
7821 -3
7832 -3
7843 -3
7854 -3
7865 -3
7876 -3
7887 -3
7898 -3
7909 -3
7920 -3
7931 -3
7942 -3
7953 -3
7964 -3
7975 -3
7986 -3
7997 -3
8008 -3
8019 -3
8030 -3
8041 -3
8052 -3
8064 -3
8075 -3
8086 -3
8097 -3
8108 -3
8119 -3
8130 -3
8141 -3
8152 -3
8163 -3
8174 -3
8185 -3
8196 -3
8207 -3
8218 -3
8229 -3
8240 -3
8251 -3
8262 -3
8273 -3
8284 -3
8295 -3
8306 -3
8317 -3
8328 -3
8339 -3
8350 -3
8361 -3
8372 -3
8383 -3
8394 -3
8406 -3
8417 -3
8428 -3
8439 -3
8450 -3
8461 -3
8472 -3
8483 -3
8494 -3
8505 -3
8516 -3
8527 -3
8538 -3
8549 -3
8560 -3
8571 -3
8582 -3
8593 -3
8604 -3
8615 -3
8626 -3
8637 -3
8648 -3
8659 -3
8670 -3
8681 -3
8692 -3
8704 -3
8715 -3
8726 -3
8737 -3
8748 -3
8759 -3
8770 -3
8781 -3
8792 -3
8803 -3
8814 -3
8825 -3
8836 -3
8847 -3
