14611 42
2592 0
2603 -3
2614 -6
2625 -8
2636 -11
2647 -14
2658 -16
2669 -18
2680 -21
2691 -23
2702 -27
2713 -31
2724 -36
2735 -40
2746 -45
2757 -48
2768 -51
2779 -53
2790 -55
2801 -57
2812 -58
2823 -60
2834 -61
2845 -62
2856 -63
2867 -64
2878 -65
2889 -66
2900 -66
2911 -67
2922 -66
2933 -66
2944 -65
2955 -63
2966 -61
2977 -59
2988 -56
2999 -53
3010 -50
3021 -47
3032 -44
3043 -42
3054 -40
3065 -37
3076 -34
3087 -29
3098 -24
3109 -17
3120 -10
3131 -3
3142 3
3153 10
3164 18
3175 25
3186 33
3197 42
3208 51
3219 60
3230 70
3241 90
3252 90
3263 106
3274 111
3286 116
3297 121
3308 124
3319 127
3330 128
3341 128
3352 124
3363 113
3374 94
3385 65
3396 19
3407 -51
3418 -155
3429 -294
3440 -466
3451 -668
3462 -896
3473 -1147
3484 -1422
3495 -1720
3506 -2039
3517 -2375
3528 -2725
3539 -3081
3550 -3423
3561 -3741
3572 -4271
3584 -4467
3595 -4614
3606 -4715
3617 -4772
3628 -4790
3639 -4790
3650 -4773
3661 -4721
3672 -4634
3683 -4507
3694 -4339
3705 -4129
3716 -3880
3727 -3609
3738 -3328
3749 -3041
3760 -2754
3771 -2471
3782 -2192
3793 -1916
3804 -1644
3815 -1378
3826 -1117
3837 -865
3848 -623
3859 -399
3870 -16
3881 136
3892 260
3903 356
3914 430
3926 487
3937 527
3948 549
3959 549
3970 549
3981 529
3992 491
4003 437
4014 360
4025 252
4036 92
4047 -123
4058 -380
4069 -678
4080 -1027
4091 -1429
4102 -1868
4113 -2330
4124 -2811
4135 -3308
4146 -3812
4157 -4292
4168 -5156
4179 -5536
4190 -5866
4201 -6128
4212 -6313
4224 -6434
4235 -6490
4246 -6490
4257 -6470
4268 -6368
4279 -6193
4290 -5958
4301 -5666
4312 -5314
4323 -4910
4334 -4491
4345 -4073
4356 -3660
4367 -3251
4378 -2848
4389 -2454
4400 -2074
4411 -1713
4422 -1371
4433 -1053
4444 -761
4455 -502
4466 -279
4477 53
4488 167
4499 250
4510 311
4521 354
4532 378
4543 380
4554 380
4566 358
4577 308
4588 220
4599 85
4610 -102
4621 -348
4632 -654
4643 -1023
4654 -1449
4665 -1904
4676 -2369
4687 -2845
4698 -3340
4709 -3849
4720 -4345
4731 -4815
4742 -5253
4753 -5651
4764 -6001
4775 -6533
4786 -6533
4797 -6807
4808 -6828
4819 -6828
4830 -6770
4841 -6653
4852 -6494
4864 -6292
4875 -6042
4886 -5744
4897 -5424
4908 -5090
4919 -4738
4930 -4370
4941 -3989
4952 -3586
4963 -3160
4974 -2739
4985 -2329
4996 -1932
5007 -1557
5018 -1207
5029 -888
5040 -600
5051 -339
5062 -107
5073 262
5084 262
5095 494
5106 566
5117 605
5128 613
5139 619
5150 619
5161 624
5172 627
5183 630
5194 633
5206 636
5217 639
5228 641
5239 643
5250 645
5261 647
5272 649
5283 650
5294 651
5305 653
5316 654
5327 656
5338 657
5349 658
5360 660
5371 661
5382 662
5393 664
5404 665
5415 665
5426 666
5437 667
5448 667
5459 668
5470 669
5481 669
5492 670
5504 670
5515 671
5526 671
5537 672
5548 673
5559 673
5570 674
5581 674
5592 675
5603 675
5614 676
5625 677
5636 677
5647 678
5658 678
5669 679
5680 679
5691 680
5702 680
5713 680
5724 681
5735 681
5746 681
5757 681
5768 682
5779 682
5790 682
5801 683
5812 683
5823 683
5834 684
5846 684
5857 684
5868 684
5879 684
5890 685
5901 685
5912 685
5923 686
5934 686
5945 686
5956 687
5967 687
5978 687
5989 687
6000 687
6011 687
6022 687
6033 687
6044 687
6055 688
6066 688
6077 688
6088 689
6099 689
6110 689
6121 689
6132 689
6144 689
6155 689
6166 689
6177 689
6188 690
6199 690
6210 690
6221 690
6232 690
6243 690
6254 690
6265 690
6276 690
6287 690
6298 690
6309 690
6320 691
6331 691
6342 691
6353 691
6364 691
6375 691
6386 691
6397 691
6408 691
6419 692
6430 692
6441 692
6452 692
6463 692
6474 692
6486 692
6497 692
6508 692
6519 692
6530 692
6541 692
6552 692
6563 692
6574 692
6585 692
6596 692
6607 693
6618 693
6629 693
6640 693
6651 693
6662 693
6673 693
6684 693
6695 693
6706 693
6717 693
6728 693
6739 693
6750 693
6761 694
6772 694
6784 694
6795 694
6806 694
6817 694
6828 694
6839 694
6850 694
6861 694
6872 695
6883 694
6894 694
6905 694
6916 694
6927 695
6938 695
6949 695
6960 695
6971 694
6982 694
6993 694
7004 694
7015 694
7026 694
7037 694
7048 694
7059 694
7070 695
7081 695
7092 695
7103 695
7114 695
7126 695
7137 696
7148 696
7159 695
7170 696
7181 696
7192 696
7203 696
7214 696
7225 696
7236 696
7247 696
7258 696
7269 696
7280 696
7291 696
7302 696
7313 696
7324 696
7335 696
7346 696
7357 696
7368 696
7379 696
7390 696
7401 696
7412 696
