1	-4
2	-5
3	-3
4	-5
5	-8
6	-6
7	-10
8	-7
9	-7
10	-11
11	-8
12	-4
13	-1
14	2
15	5
16	4
17	6
18	7
19	6
20	3
21	1
22	3
23	1
24	1
25	1
26	-2
27	0
28	-1
29	0
30	-1
31	-4
32	-4
33	-1
34	1
35	3
36	1
37	-1
38	-2
39	-2
40	-6
41	-2
42	-6
43	-6
44	-6
45	-3
46	-4
47	-5
48	-6
49	-3
50	-6
51	-2
52	-3
53	-6
54	-4
55	-6
56	-9
57	-8
58	-4
59	-5
60	-7
61	-5
62	-4
63	-4
64	-1
65	-2
66	0
67	2
68	4
69	2
70	0
71	0
72	2
73	3
74	-1
75	-2
76	-4
77	-1
78	1
79	4
80	2
81	-1
82	0
83	2
84	0
85	-2
86	-7
87	-10
88	-13
89	-16
90	-20
91	-17
92	-17
93	-17
94	-17
95	-17
96	-20
97	-19
98	-23
99	-24
100	-23
101	-26
102	-27
103	-28
104	-29
105	-26
106	-28
107	-28
108	-32
109	-33
110	-36
111	-33
112	-36
113	-36
114	-32
115	-32
116	-30
117	-32
118	-32
119	-32
120	-35
121	-39
122	-36
123	-38
124	-35
125	-36
126	-33
127	-32
128	-33
129	-35
130	-39
131	-41
132	-41
133	-42
134	-44
135	-44
136	-41
137	-40
138	-43
139	-47
140	-44
141	-48
142	-49
143	-47
144	-48
145	-50
146	-53
147	-53
148	-51
149	-48
150	-52
151	-48
152	-50
153	-50
154	-50
155	-52
156	-50
157	-47
158	-45
159	-44
160	-42
161	-72
162	-101
163	-125
164	-151
165	-176
166	-203
167	-232
168	-261
169	-285
170	-311
171	-329
172	-357
173	-379
174	-402
175	-431
176	-448
177	-476
178	-490
179	-516
180	-535
181	-561
182	-575
183	-603
184	-617
185	-643
186	-656
187	-677
188	-695
189	-715
190	-732
191	-749
192	-764
193	-783
194	-799
195	-814
196	-828
197	-846
198	-860
199	-873
200	-890
201	-908
202	-917
203	-932
204	-943
205	-960
206	-970
207	-983
208	-995
209	-1007
210	-1011
211	-1025
212	-1032
213	-1041
214	-1054
215	-1060
216	-1075
217	-1075
218	-1088
219	-1094
220	-1100
221	-1113
222	-1113
223	-1125
224	-1126
225	-1132
226	-1136
227	-1141
228	-1144
229	-1147
230	-1157
231	-1155
232	-1165
233	-1161
234	-1170
235	-1172
236	-1167
237	-1172
238	-1170
239	-1169
240	-1173
241	-1170
242	-1172
243	-1175
244	-1173
245	-1164
246	-1169
247	-1166
248	-1165
249	-1155
250	-1154
251	-1152
252	-1149
253	-1140
254	-1136
255	-1135
256	-1131
257	-1117
258	-1117
259	-1109
260	-1104
261	-1092
262	-1088
263	-1083
264	-1072
265	-1063
266	-1054
267	-1047
268	-1032
269	-1021
270	-1016
271	-1000
272	-994
273	-978
274	-970
275	-960
276	-941
277	-928
278	-920
279	-903
280	-892
281	-876
282	-858
283	-848
284	-833
285	-815
286	-800
287	-786
288	-770
289	-749
290	-728
291	-717
292	-694
293	-678
294	-658
295	-641
296	-623
297	-603
298	-581
299	-558
300	-536
301	-514
302	-495
303	-475
304	-449
305	-425
306	-404
307	-385
308	-359
309	-330
310	-305
311	-280
312	-261
313	-230
314	-204
315	-178
316	-156
317	-130
318	-98
319	-69
320	-47
321	-48
322	-50
323	-49
324	-51
325	-54
326	-52
327	-53
328	-54
329	-54
330	-53
331	-55
332	-55
333	-56
334	-54
335	-52
336	-54
337	-56
338	-58
339	-58
340	-62
341	-59
342	-61
343	-61
344	-58
345	-61
346	-64
347	-67
348	-65
349	-66
350	-64
351	-64
352	-63
353	-61
354	-63
355	-65
356	-69
357	-72
358	-71
359	-70
360	-70
361	-67
362	-66
363	-70
364	-74
365	-75
366	-72
367	-76
368	-77
369	-76
370	-77
371	-80
372	-83
373	-83
374	-87
375	-88
376	-92
377	-91
378	-94
379	-97
380	-100
381	-102
382	-106
383	-103
384	-100
385	-102
386	-102
387	-106
388	-108
389	-108
390	-109
391	-109
392	-111
393	-113
394	-117
395	-117
396	-120
397	-117
398	-119
399	-124
400	-127
401	-129
402	-133
403	-131
404	-130
405	-134
406	-137
407	-140
408	-137
409	-136
410	-138
411	-138
412	-137
413	-140
414	-139
415	-140
416	-142
417	-141
418	-141
419	-144
420	-147
421	-144
422	-145
423	-141
424	-140
425	-142
426	-143
427	-146
428	-147
429	-149
430	-145
431	-142
432	-146
433	-148
434	-147
435	-152
436	-151
437	-148
438	-150
439	-153
440	-157
441	-158
442	-161
443	-161
444	-164
445	-163
446	-162
447	-160
448	-161
449	-163
450	-165
451	-164
452	-164
453	-166
454	-164
455	-163
456	-163
457	-163
458	-163
459	-166
460	-166
461	-167
462	-169
463	-170
464	-167
465	-172
466	-175
467	-174
468	-178
469	-178
470	-175
471	-175
472	-177
473	-178
474	-180
475	-176
476	-173
477	-175
478	-171
479	-174
480	-178
481	-179
482	-183
483	-180
484	-182
485	-182
486	-185
487	-190
488	-194
489	-195
490	-196
491	-200
492	-202
493	-202
494	-199
495	-197
496	-194
497	-195
498	-198
499	-196
500	-193
501	-190
502	-190
503	-192
504	-190
505	-194
506	-194
507	-190
508	-194
509	-195
510	-195
511	-194
512	-193
513	-193
514	-197
515	-195
516	-200
517	-200
518	-200
519	-201
520	-202
521	-202
522	-204
523	-202
524	-199
525	-201
526	-200
527	-201
528	-200
529	-199
530	-203
531	-205
532	-202
533	-205
534	-205
535	-208
536	-207
537	-203
538	-204
539	-203
540	-206
541	-206
542	-210
543	-214
544	-213
545	-210
546	-214
547	-218
548	-220
549	-219
550	-219
551	-220
552	-224
553	-227
554	-224
555	-226
556	-224
557	-223
558	-224
559	-227
560	-229
561	-226
562	-228
563	-233
564	-231
565	-233
566	-236
567	-237
568	-241
569	-238
570	-238
571	-236
572	-237
573	-235
574	-234
575	-234
576	-231
577	-231
578	-234
579	-231
580	-233
581	-237
582	-235
583	-239
584	-241
585	-245
586	-249
587	-250
588	-247
589	-248
590	-247
591	-250
592	-254
593	-255
594	-253
595	-251
596	-251
597	-253
598	-256
599	-259
600	-255
601	-251
602	-254
603	-258
604	-256
605	-260
606	-263
607	-265
608	-261
609	-259
610	-258
611	-258
612	-261
613	-264
614	-261
615	-264
616	-267
617	-272
618	-274
619	-271
620	-270
621	-268
622	-266
623	-265
624	-265
625	-261
626	-258
627	-261
628	-263
629	-262
630	-261
631	-260
632	-263
633	-266
634	-269
635	-272
636	-275
637	-276
638	-273
639	-273
640	-276
641	-279
642	-278
643	-276
644	-274
645	-275
646	-273
647	-274
648	-272
649	-272
650	-276
651	-278
652	-277
653	-274
654	-274
655	-278
656	-278
657	-278
658	-280
659	-280
660	-280
661	-284
662	-286
663	-286
664	-283
665	-287
666	-289
667	-293
668	-294
669	-294
670	-292
671	-296
672	-299
673	-296
674	-298
675	-299
676	-301
677	-300
678	-296
679	-297
680	-296
681	-294
682	-297
683	-295
684	-293
685	-295
686	-292
687	-294
688	-293
689	-291
690	-292
691	-288
692	-286
693	-289
694	-289
695	-290
696	-294
697	-294
698	-295
699	-298
700	-297
701	-295
702	-293
703	-292
704	-290
705	-290
706	-295
707	-298
708	-299
709	-297
710	-297
711	-297
712	-297
713	-300
714	-303
715	-306
716	-311
717	-313
718	-311
719	-311
720	-315
721	-315
722	-318
723	-318
724	-317
725	-313
726	-311
727	-311
728	-313
729	-311
730	-314
731	-314
732	-311
733	-311
734	-315
735	-318
736	-317
737	-321
738	-317
739	-321
740	-325
741	-329
742	-330
743	-332
744	-331
745	-330
746	-334
747	-334
748	-335
749	-332
750	-331
751	-335
752	-335
753	-334
754	-332
755	-328
756	-331
757	-331
758	-332
759	-332
760	-336
761	-337
762	-339
763	-336
764	-332
765	-335
766	-339
767	-342
768	-346
769	-349
770	-353
771	-353
772	-351
773	-355
774	-352
775	-350
776	-354
777	-358
778	-354
779	-357
780	-357
781	-354
782	-351
783	-350
784	-353
785	-354
786	-356
787	-359
788	-358
789	-359
790	-360
791	-360
792	-359
793	-358
794	-354
795	-355
796	-354
797	-353
798	-351
799	-354
800	-357
801	-360
802	-364
803	-367
804	-368
805	-372
806	-376
807	-377
808	-378
809	-380
810	-381
811	-385
812	-385
813	-384
814	-381
815	-377
816	-379
817	-384
818	-381
819	-384
820	-382
821	-381
822	-384
823	-385
824	-388
825	-386
826	-387
827	-388
828	-386
829	-386
830	-385
831	-386
832	-389
833	-392
834	-396
835	-399
836	-403
837	-400
