258809 2
258820 2
258831 2
258842 2
258853 2
258864 2
258875 2
258886 2
258798 2
258809 2
258820 2
258831 2
258842 2
258853 2
258864 2
258875 2
258886 2
2595 0
2606 0
2617 0
2628 0
2639 0
2650 0
2661 0
2672 0
2683 0
2694 0
2705 0
2716 0
2727 0
2738 0
2749 0
2760 0
2771 0
2782 0
2793 0
2804 0
2816 0
2827 0
2838 0
2849 0
2860 0
2871 0
2882 0
2893 0
2904 0
2915 0
2926 0
2937 0
2948 0
2959 0
2970 0
2981 0
2992 0
3003 0
3014 0
3025 0
3036 0
3047 0
3058 0
3069 0
3080 0
3091 0
3102 0
3113 0
3124 0
3135 0
3146 0
3158 0
3169 0
3180 0
3191 0
3202 0
3213 0
3224 0
3235 0
3246 0
3257 0
3268 0
3279 0
3290 0
3301 0
3312 0
3323 0
3334 0
3345 0
3356 0
3367 0
3378 0
3389 0
3400 -1
3411 -1
3422 -1
3433 -1
3444 -1
3456 -1
3467 -1
3478 -1
3489 -1
3500 -1
3511 -2
3522 -2
3533 -2
3544 -3
3555 -3
3566 -4
3577 -5
3588 -7
3599 -9
3610 -11
3621 -13
3632 -15
3643 -18
3654 -21
3665 -23
3676 -26
3687 -30
3698 -33
3709 -36
3720 -39
3731 -42
3742 -45
3753 -49
3764 -51
3775 -54
3786 -56
3798 -59
3809 -61
3820 -63
3831 -66
3842 -68
3853 -69
3864 -71
3875 -72
3886 -73
3897 -74
3908 -75
3919 -76
3930 -76
3941 -77
3952 -77
3963 -77
3974 -78
3985 -78
3996 -78
4007 -78
4018 -78
4029 -78
4040 -79
4051 -79
4062 -79
4073 -79
4084 -79
4096 -79
4107 -80
4118 -80
4129 -80
4140 -80
4151 -81
4162 -81
4173 -81
4184 -82
4195 -82
4206 -82
4217 -82
4228 -83
4239 -83
4250 -83
4261 -83
4272 -83
4283 -83
4294 -83
4305 -83
4316 -83
4327 -83
4338 -83
4349 -83
4360 -83
4371 -83
4382 -83
4393 -82
4404 -82
4415 -82
4426 -82
4438 -82
4449 -82
4460 -81
4471 -81
4482 -81
4493 -81
4504 -81
4515 -81
4526 -80
4537 -80
4548 -80
4559 -80
4570 -80
4581 -80
4592 -80
4603 -80
4614 -79
4625 -79
4636 -79
4647 -79
4658 -79
4669 -79
4680 -79
4691 -79
4702 -79
4713 -79
4724 -79
4736 -79
4747 -79
4758 -79
4769 -79
4780 -79
4791 -79
4802 -79
4813 -79
4824 -79
4835 -79
4846 -79
4857 -79
4868 -79
4879 -80
4890 -80
4901 -80
4912 -80
4923 -80
4934 -80
4945 -81
4956 -81
4967 -81
4978 -81
4989 -81
5000 -81
5011 -81
5022 -81
5033 -81
5044 -81
5055 -81
5066 -81
5078 -81
5089 -81
5100 -81
5111 -81
5122 -81
5133 -81
5144 -81
5155 -81
5166 -80
5177 -80
5188 -79
5199 -79
5210 -79
5221 -78
5232 -78
5243 -77
5254 -76
5265 -75
5276 -74
5287 -73
5298 -71
5309 -70
5320 -68
5331 -66
5342 -63
5353 -61
5364 -58
5376 -55
5387 -53
5398 -53
5409 -55
5420 -61
5431 -70
5442 -82
5453 -96
5464 -113
5475 -131
5486 -150
5497 -169
5508 -187
5519 -205
5530 -222
5541 -238
5552 -251
5563 -260
5574 -266
5585 -268
5596 -268
5607 -266
5618 -260
5629 -251
5640 -238
5651 -224
5662 -206
5673 -188
5684 -169
5695 -150
5706 -113
5718 -97
5729 -84
5740 -72
5751 -62
5762 -54
5773 -46
5784 -39
5795 -32
5806 -26
5817 -20
5828 -16
5839 -12
5850 -9
5861 -6
5872 -5
5883 -4
5894 -3
5905 -2
5916 -1
5927 0
5938 0
5949 0
5960 0
5971 0
5982 0
5993 0
6004 0
6016 0
6027 0
6038 0
6049 0
6060 0
6071 0
6082 0
6093 0
6104 0
6115 0
6126 0
6137 0
6148 0
6159 0
6170 0
6181 0
6192 0
6203 0
6214 0
6225 0
6236 0
6247 0
6258 0
6269 0
6280 0
6291 0
6302 0
6313 0
6324 0
6335 0
6346 0
6358 0
6369 0
6380 0
6391 0
6402 0
6413 0
6424 0
6435 0
6446 0
6457 0
6468 0
6479 0
6490 0
6501 0
6512 0
6523 0
6534 0
6545 0
6556 0
6567 0
6578 0
6589 0
6600 0
6611 0
6622 0
6633 0
6644 0
6656 0
6667 0
6678 0
6689 0
6700 0
6711 0
6722 0
6733 0
6744 0
6755 0
6766 0
6777 0
6788 0
6799 0
6810 0
6821 0
6832 0
6843 0
6854 0
6865 0
6876 0
6887 0
6898 0
6909 0
6920 0
6931 0
6942 0
6953 0
6964 0
6975 0
6986 0
6998 0
7009 0
7020 0
7031 0
7042 0
7053 0
7064 0
7075 0
7086 0
7097 0
7108 0
7119 0
7130 0
7141 0
7152 0
7163 0
7174 0
7185 0
7196 0
7207 0
7218 0
7229 0
7240 0
7251 0
7262 0
7273 0
7284 0
7296 0
7307 0
7318 0
7329 0
7340 0
7351 0
7362 0
7373 0
7384 0
7395 0
7406 0
7417 0
7428 0
7439 0
7450 0
7461 0
7472 0
7483 0
7494 0
7505 0
7516 0
7527 0
7538 0
7549 0
7560 0
7571 0
7582 0
7593 0
7604 0
7615 0
7626 0
7638 0
7649 0
7660 0
7671 0
7682 0
7693 0
7704 0
7715 0
7726 0
7737 0
7748 0
7759 0
7770 0
7781 0
7792 0
7803 0
7814 0
7825 0
7836 0
7847 0
7858 0
7869 0
7880 0
7891 0
7902 0
7913 0
7924 0
7936 0
7947 0
7958 0
7969 0
7980 0
7991 0
8002 0
8013 0
8024 0
8035 0
8046 0
8057 0
8068 0
8079 0
8090 0
8101 0
8112 0
8123 0
8134 0
8145 0
8156 0
8167 0
8178 0
8189 0
8200 0
8211 0
8222 0
8233 0
8244 0
8255 0
8266 0
8278 0
